-762
492
515
413
634
576
-118
235
898
-462
-527
-491
799
862
-869
-723
-879
-986
-295
625
252
-138
963
-87
-329
473
-748
30
-398
-918
219
-163
642
761
-480
230
352
716
-66
-860
315
392
-205
-988
-139
139
-634
-996
-467
382
78
-221
-537
63
344
921
-755
-191
479
737
-894
170
-1
862
365
751
234
-586
-453
123
-779
-303
599
492
-790
817
151
-395
-556
-514
-885
-830
713
152
973
-929
-225
-14
-482
814
616
799
-534
777
-790
642
840
310
-634
105
991
-567
-93
-243
-921
878
-909
-443
872
514
-814
111
-167
-300
229
905
-659
-41
-272
740
478
942
-637
-499
jsjjss
489
307
-255
-327
-337
845
-61
-515
-791
936
-654
341
-263
-966
-591
-391
607
-945
-364
-532
-38
-616
-832
147
734
-610
670
-152
467


-366
-527
-369
-253
-194
-825
-704
931
-878
-667
-19
-768
611
-892
-100
-70
706
-183
958
851
-484
312
976
339
-521
-994
-10
326
-320
-639
83
-245
298
978
-331
-331
-598
-243
-61
103
321
-228
350
959
867
-628
935
88
540
-818
336
591
204
707
647
171
-618
824
677
173
878
-825
48
62
-421
171
538
171
-310
697
797
974
413
182
-545
-73
71
742
jdjw
-652
-945
124
-502
289
76
-695
468
-600
108
-299
783
-872
826
-743
-501
-565
900
192
896
388
-501
122
-308
-464
-774
-693
-604
-815
410
-146
756
184
557
-841
-592
-712
-578
296
-748
-238
-242
-944
-259
-225
-278
764
692
360
451
800
-839
-212
642
-81
-680
739
-699
939
-262
-322
242
-401
174
-314
551
-657
-888
735
469
-564
120
285
446
619
-305
-826
-490
67
56
-509
498
-845
897
-278
-999
734
-219
30
588
-124
-808
1000
778
-57
-376
-322
517
-115
-518
-635
487
-251
-367
-362
-403
340
197
-603
-741
-264
-128
-90
868
556
-552
74
664
-723
-30
-405
572
-80
-983
-402
-429
650
-459
439
801
526
694
735
-523
605
-426
218
478
-692
-209
-529
829
344
kksiwkksiiis
-345


997
-44
699
-209
-904
900
844
-858
-201
-1000
-201
-423
-264
-634
-272
182
387
-835
-727
233
-386
-927
711
672
-757
-548
988
-690
-467
371
-342
-472
-234
293
428
656
821
606
562
34
842
-358
809
-265
-161
532
-838
712
168
87
-463
445
-807
-153
949
600
-88
-863
-11
-744
186
821
-102
-365
328
-747
-834
-412
-677
-276
170
258
168
257
344
-709
-789
713
-703
176
506
-859
653
-449
-99
-231
692
985
-416
864
-596
-435
-366
765
35
-879
396
-527
-530
-442
-815
-271
-802
485
-946
984
4
488
-8
-884
-567
-930
259
79
20
-694
2
-875
-487
-786
520
10
319
-726
843
-698
-916
-806
-994
-100
942
-952
-714
975
-689
-316
-920
363
-870
-102
-884
844
983
-835
636
-35
94
-994
215
-980
907
-5
983
97
19
159
665
477
-665
603
-864
148
-126
822
900
346
639
131
-572
441
346
-682
22
-397
-217
948
33
-421
687
-619
-413
886
498
108
-290
-654
69
-967
345
-63
452
352
766
-587
-861
447
332
854
951
-663
-571
-554
-59
120
-960
-468
849
595
-590
902
-6
994
623
997
523
16
449
950
-938
-126
-427
492
584
183
-150
-311
-16
-205
-271
480
-367
951
-135
649
-304
202
290
-919
614
-862
699
11
-628
-446
-16
-22
-866
321
-740
965
-61
-967
-562
-887
-669
-337
-309
194
-732
389
-690
-281
-543
133
872
-119
504
227
-848
-298
-131
-516
735
-406
-733
-637
315
-145
-3
-690
535
-341
190
429
-668
916
-799
-257
571
-722
140
905
-846
-644
-808
-847
-107
-811
-455
283
-87
794
-980
812
126
183
513
7
664
245
76
711
-577
725
325
-14
-489
767
389
292
-481
-564
-370
335
-600
435
496
884
-477
329
317
242
-880
889
-929
458
203
-48
-909
946
-638
523
-6
230
807
239
-139
-963
-677
468
311
788
-718
264
441
-725
-438
-184
201
-12
802
211
415
268
151
578
675
-949
973
725
-584
-564
-61
-954
747
-451
517
120
-580
-94
-448
-603
64
-517
-471
149
-89
63
-339
-587
-149
882
867
-573
-453
-234
223
243
-214
-625
262
-824
-268
210
719
-436
897
150
-731
-211
-274
622
879
-380
-629
16
783
540
535
232
387
-405
-90
297
52
122
-731
589
-951
-200
-100
84
589
-912
-275
191
215
-863
367
-44
-508
86
-200
-840
989
63
-693
337
-897
841
170
973
-750
-85
-841
357
-186
594
360
-39
-396
-590
604
-704
113
-606
-467
-1000
434
280
-619
746
-763
-91
462
-600
-229
375
701
-832
91
-89
691
971
668
697
-847
-765
-783
-984
-816
-505
73
800
-819
-412
906
-655
-409
-51
346
-760
78
-227
672
662
-274
-583
745
-415
104
230
-62
352
615
-858
414
-981
88
-830
357
837
829
444
-790
-268
-414
-943
-118
659
42
-875
965
651
-167
-71
-755
-218
283
596
-375
175
915
492
-784
454
501
91
-632
416
716
145
-557
-376
414
-225
285
-620
-539
472
-366
-766
-572
567
-157
-255
893
652
-144
-493
605
527
85
831
-975
-47
88
-262
404
792
166
-461
622
190
-720
56
-655
549
58
-601
-850
521
258
-630
969
-79
451
-739
39
993
405
-52
-747
-265
136
-11
-917
-292
188
-567
182
-286
-519
-952
-929
-448
-588
-263
-963
-535
628
-733
-430
233
757
-262
852
-349
343
-647
-940
343
-968
787
-215
681
-835
462
491
344
-948
547
-135
821
-500
-165
457
123
209
-913
-970
613
-930
547
539
-850
426
-831
58
-119
-248
-382
257
-669
957
909
76
872
-138
835
-645
-192
-502
-621
863
226
-650
485
-866
795
624
774
438
464
276
-918
-421
-696
184
-641
595
629
-566
995
-366
236
165
-408
488
921
-913
-106
-580
406
4
-333
-267
636
879
657
-377
102
-394
216
11
-537
-224
112
562
-227
-299
978
-549
70
2
489
-880
145
-250
-302
-97
-447
53
158
88
252
-556
952
-843
856
40
-996
-351
296
-732
713
-499
-382
581
-813
-38
323
589
722
538
-259
595
175
-40
691
798
778
24
829
-146
250
-812
-57
419
-123
-801
-113
-455
-560
329
-782
-887
778
-265
-341
652
-486
-433
903
-781
127
-211
-693
-316
412
969
-257
-985
-907
554
628
33
875
-169
638
-387
317
64
-627
193
278
299
-392
307
484
722
954
168
540
541
550
-254
-711
256
-960
-770
403
-562
-222
838
320
-120
-99
-55
772
-37
749
-624
755
332
404
179
486
-899
-247
962
-235
81
171
353
-233
-754
926
853
388
-806
-437
-711
744
-666
-343
-265
884
-799
-267
-478
726
331
70
273
-388
-633
175
942
623
169
-193
829
482
871
287
-201
199
971
-477
300
396
952
-76
119
-88
-358
6
144
-880
-98
-939
534
102
-729
-590
-875
-604
-376
-332
130
-55
-109
382
305
833
407
-108
352
51
-646
-310
339
-896
928
543
988
-844
-176
474
990
470
-687
91
-538
-824
301
-120
308
-724
-64
731
-60
702
-303
-671
-467
881
677
191
-445
64
734
-574
161
225
-419
689
-491
337
667
188
-103
-18
-345
-450
-734
-372
518
118
800
715
29
-839
645
-437
-425
-65
-855
-317
-382
466
172
792
491
28
484
-680
-925
-943
-670
-100
-452
-502
-259
505
370
-406
-597
-980
490
260
286
-697
-910
-885
-758
131
-158
-886
445
-300
812
-291
-467
-213
726
-467
-545
-978
73
-98
624
-991
-568
146
778
-783
186
-368
363
-275
796
-424
-820
-35
-256
933
277
-494
648
-120
67
-401
-972
0
702
987
-966
565
722
656
269
-244
127
-567
532
329
594
447
-698
74
-539
735
-85
-802
-336
543
-216
907
954
-989
649
-558
460
-272
-372
-875
747
-368
-929
813
-872
634
198
-772
-678
887
818
318
51
750
91
772
277
964
55
-856
-594
86
387
-9
259
497
-579
-214
-118
-297
-675
-513
-743
358
741
980
453
-475
835
238
-827
593
-455
-71
-698
-968
53
-140
484
-632
-381
-73
-501
333
980
186
-890
695
743
-605
-795
53
676
-532
-287
-120
-551
276
851
285
647
-306
998
80
-442
289
-402
774
-727
781
492
-303
229
181
-45
474
-370
843
974
-951
897
-843
729
-689
-281
233
-176
-627
606
-434
-964
921
5
986
-434
-651
329
365
-31
239
601
354
-281
315
141
-435
-783
-627
705
202
-781
982
-179
838
477
702
109
698
-882
247
-64
-309
-255
948
-390
-728
131
151
713
-454
-29
823
939
-380
595
839
825
-864
338
611
947
954
-153
718
77
-593
-518
870
-698
-936
29
78
-125
-204
-580
78
887
-626
-8
580
412
410
526
-513
-112
-839
-815
-766
524
728
230
-711
299
967
650
530
-466
758
-55
253
553
-61
966
-891
963
-718
-984
890
-981
-17
-961
-325
623
113
14
-757
-184
997
161
287
986
-556
544
-850
975
-390
169
626
209
-30
-917
29
-160
347
-753
-11
-684
-59
-471
785
336
-305
-701
-758
-648
893
-643
211
680
-874
483
406
-173
-615
291
-828
267
779
672
-516
-915
590
825
611
635
951
24
73
392
510
-7
597
635
-576
95
790
-530
-38
76
-66
-694
657
-187
-416
-867
-199
-463
821
-245
389
785
-333
-546
-95
197
-97
735
778
-553
-99
-676
-234
208
323
-13
244
-920
917
-945
-470
978
179
591
-616
-47
901
-730
430
860
-939
-141
51
-149
351
-588
-211
920
736
115
-197
208
-625
15
-523
-114
226
-660
-902
-623
363
-917
-939
885
-693
-238
-482
241
927
-840
384
-587
519
971
938
337
123
818
-397
-342
475
-368
-572
160
75
-446
-891
83
-358
188
-683
-495
-59
485
-199
547
-535
588
-585
215
-187
913
726
804
-242
751
531
-294
906
627
-498
673
542
947
99
742
867
-610
995
175
-18
749
876
-183
-338
802
-430
911
-993
564
-279
-337
587
66
483
-61
-541
868
-919
133
296
138
-778
788
752
540
-181
-376
9
559
38
396
-78
-850
-434
-439
-130
-129
-677
386
-742
-416
-100
960
65
894
828
866
568
-944
-945
-679
104
953
-279
-974
-342
986
-476
665
223
757
-530
-504
659
410
-560
198
521
-248
-13
430
-52
122
-936
-573
-194
-513
403
843
265
558
-769
-891
-977
-448
63
332
538
-581
924
901
-494
-991
-308
-103
121
-273
399
558
240
882
-544
-951
833
-627
-779
748
-869
892
589
-497
-504
-386
154
-569
-573
-708
-821
724
622
395
-229
-48
-226
704
-33
987
812
-415
942
646
642
836
127
331
-566
-284
650
-739
562
-946
753
-989
-17
-436
912
362
381
-189
89
-614
-278
-595
-396
215
381
492
863
37
-127
-400
533
650
-658
134
-484
199
-959
-132
905
573
-941
162
765
-908
489
-843
-990
-358
444
795
-675
921
-724
-88
107
-796
160
601
-651
418
-788
-616
-522
-184
634
253
-368
-724
475
979
-610
264
978
233
537
-686
-515
-348
-738
861
-77
907
711
-152
-569
-982
394
84
226
-846
900
-520
286
875
-515
375
-335
521
-550
-716
743
738
-652
838
377
-680
-12
-695
888
-411
-14
328
528
949
111
-859
-535
53
260
402
-20
267
-393
275
34
-600
688
-180
-213
428
-174
494
649
-873
685
-402
121
-225
-431
-849
216
-30
947
417
-541
-782
-944
446
-835
561
-928
-483
-98
363
-425
319
-608
-369
-768
-935
502
880
197
839
777
-394
-416
-930
-963
331
-776
766
-737
-489
-932
610
-356
609
754
-923
928
595
-936
48
-99
864
-329
90
-723
-682
-826
-289
-356
-126
-41
959
-58
-273
759
843
864
951
-848
128
-302
863
992
835
-439
-843
480
-668
166
-621
-937
520
-96
-281
919
617
833
280
713
231
921
195
79
-503
-772
759
-865
9
539
-846
231
-109
-687
980
-841
639
28
641
67
-630
294
-679
-513
-429
961
-550
-608
-188
-264
-387
-918
430
-260
672
-493
-341
-511
69
638
-282
586
984
590
-88
446
747
-37
954
965
787
107
997
705
-896
451
-492
943
803
-765
-933
316
237
107
-443
-844
-143
-69
-414
-445
-386
909
-869
151
287
686
-105
-22
-371
-794
-399
-574
750
163
189
-79
-158
753
588
328
-98
-867
697
-414
-173
561
343
68
-739
-523
549
-850
451
-423
-164
-289
464
-874
-190
981
337
638
-838
200
664
-704
594
-47
229
998
575
102
69
33
386
99
866
280
344
-619
-863
-964
789
430
-689
77
-343
-358
682
630
320
477
-649
-220
-145
796
-670
-921
-779
-433
-834
194
-47
910
276
630
180
-359
-783
747
300
-938
586
221
-342
-24
-550
-398
-132
57
-686
-633
985
992
-732
-645
578
57
-824
-718
73
-44
-385
184
-903
49
-549
-888
383
732
882
-978
-181
229
-354
-128
-698
86
430
-132
663
-333
-578
4
494
-875
992
-750
687
-680
578
-156
-492
-659
-301
150
351
-615
-584
676
182
888
396
-655
610
-763
785
-9
207
-588
-710
538
-111
72
62
804
-714
434
427
-209
-173
30
-13
-585
324
-202
75
749
465
976
999
-405
-348
847
-39
-285
891
740
511
-463
138
663
27
-521
-656
132
953
-648
-851
-807
332
-890
-864
-296
211
751
-851
-497
-222
636
-287
376
287
863
-593
457
-540
261
-598
-873
-175
200
-715
18
648
389
648
541
-673
-118
-607
769
-181
981
651
742
-988
-665
593
-416
828
-964
441
-491
-470
-901
551
427
-591
-622
309
-824
-245
-941
665
861
590
103
220
425
776
298
-799
-331
371
416
687
85
-916
-243
751
422
-604
-812
129
-214
182
897
-961
912
383
-297
173
-548
512
-467
-237
417
-72
310
640
877
341
-734
-817
-269
213
662
844
-159
20
28
345
-168
128
-861
-207
-743
-779
-139
-873
-858
-181
195
37
40
-113
133
-367
-465
725
450
-778
-192
718
239
-972
67
888
689
608
993
862
424
-896
82
794
403
-473
872
252
-363
923
-221
480
-881
379
-219
-124
38
-437
-902
786
-531
826
230
-18
236
-178
605
438
-620
-978
862
119
-505
-134
-673
-198
-441
-880
-904
271
800
-492
-464
-495
-374
842
-947
81
-446
-646
-234
245
522
107
-114
852
-182
885
658
-546
-539
411
-995
923
633
-524
-702
982
520
435
-365
374
-961
630
466
753
957
-284
-645
-940
837
-877
495
-29
76
9
791
598
-112
424
697
-532
-214
148
-923
337
4
-46
621
588
619
897
-808
215
-747
650
-969
-936
-585
-819
-66
-774
-563
439
-875
-139
725
-174
-943
994
450
-793
-90
-666
890
-213
-482
231
197
-247
-103
-293
-134
147
-450
-108
-644
-789
524
420
797
-517
419
985
259
296
146
-505
-504
253
900
247
627
412
-260
46
466
-135
-602
11
-218
807
273
399
980
-753
758
193
503
1
876
680
-529
320
-275
-164
-224
805
537
956
-284
981
-470
-185
202
56
736
-94
607
-782
-424
284
437
-297
634
-948
721
204
-575
750
-656
-953
-295
562
-687
-185
150
-961
-803
-940
594
-410
-317
487
-853
646
-201
-704
657
-199
456
904
348
-873
-495
378
-786
-842
444
196
-430
-678
-264
-300
-400
-281
254
-113
541
279
991
-595
553
-905
536
-727
554
786
343
846
892
-756
-670
838
457
-917
157
-255
754
-338
-743
976
-808
195
561
186
199
451
531
-195
-312
-472
-320
-373
-918
-946
-140
-511
989
-591
-623
-600
-480
-660
940
545
759
845
-920
147
-96
540
274
-539
-87
880
-746
-347
-543
-772
-715
-657
494
-446
79
-330
263
-911
-172
-390
-1000
-657
-710
818
762
-915
-667
-858
-245
-596
96
-575
-541
944
-309
685
554
-819
-514
-451
7
455
-248
-700
-170
199
268
-321
-435
759
613
724
346
-684
615
115
907
338
-233
-113
135
353
-124
773
-686
-511
-111
-505
668
674
-620
653
-3
-222
286
812
-216
450
-706
-219
-939
946
350
-658
-321
-247
-12
180
306
980
366
-675
-415
984
-801
134
-369
-702
463
250
-745
-870
650
661
886
-527
-886
133
-123
-63
-83
477
-896
394
722
-258
274
-723
-888
254
-259
313
953
-674
-189
726
951
-435
-306
-942
843
587
-530
961
652
-62
-329
333
-972
-859
-233
500
681
-937
422
-743
21
-799
-897
-509
841
-464
952
887
569
-783
-873
698
72
389
-372
-184
-549
165
-435
894
683
-184
-653
584
340
-515
690
181
488
959
-294
697
531
230
76
640
825
638
196
309
-898
-248
319
-537
-746
923
-855
-318
-421
-479
701
915
-400
-741
-201
-187
89
621
-778
-715
-232
590
-472
592
580
-495
140
-612
875
-703
720
129
221
-338
-934
-334
-196
388
-611
206
-238
102
814
433
49
-298
-331
-116
-831
801
-850
-348
785
-526
-425
-510
-4
-696
-354
-598
-460
-385
561
-600
964
-148
-672
902
-767
-452
228
-950
-411
-373
209
-810
-311
-927
68
-771
-498
909
-179
-288
-880
-833
-234
957
-170
692
-40
388
-734
-459
93
-513
990
942
266
789
919
606
709
525
896
-597
-241
299
63
654
-848
25
689
853
-839
644
-182
187
-235
-936
-598
598
61
-494
81
382
666
174
-171
473
232
-382
304
-715
-224
-747
145
864
603
107
570
662
-817
208
-112
39
-576
412
390
654
-638
92
-722
108
-249
853
985
-648
-292
972
-914
34
-108
-810
318
56
702
984
412
-899
-238
590
669
82
693
-881
278
-751
487
-552
281
425
892
-262
-869
917
-180
169
325
345
-620
954
-64
604
-214
-852
-289
-438
-539
-527
-5
32
762
245
451
-66
679
-794
-705
717
-179
-770
-368
-662
-718
349
-949
30
-877
782
-107
-573
-477
643
158
-923
-437
-206
649
147
85
-366
-536
-31
345
994
230
407
167
611
531
810
-586
-763
-305
-159
868
-284
-528
183
478
-478
257
-85
687
265
-931
396
963
-279
948
438
346
900
890
-922
488
301
461
-509
937
180
-41
226
446
-620
322
722
-714
784
-121
-349
248
-794
-247
226
-764
662
-691
-580
35
-737
602
-718
601
-628
-186
919
217
-914
753
715
505
121
-533
661
-599
820
449
556
-624
-849
386
-709
-533
-2
-759
438
-34
277
-746
-356
533
172
513
-770
997
-290
-842
274
-350
-49
-435
-502
-631
139
-204
-32
-401
695
-217
-790
54
398
650
-723
588
-113
251
-956
318
756
113
449
-891
-57
-459
-166
91
-93
-990
-903
761
218
-331
918
-310
262
-659
-689
834
-364
760
59
-196
-599
-620
155
-395
235
-267
446
150
-162
488
777
-580
-540
-782
-795
-235
-799
-473
904
-705
611
912
917
819
771
640
955
740
-367
-845
885
-215
577
-445
-955
510
-131
947
-818
197
119
-234
-43
-804
471
-156
-305
-419
-891
115
422
-839
-812
-220
520
-677
465
-737
-985
-241
-537
515
-134
-179
-926
492
-849
-720
941
-180
325
-992
450
328
160
197
775
-604
807
-427
887
158
-461
-121
828
-441
951
-696
696
761
-972
-603
-689
-51
-389
921
-955
446
-80
-264
-593
-78
-334
-189
-281
701
924
441
-70
-25
-738
-10
953
723
738
-115
131
-919
398
919
495
-790
-860
907
-146
187
-688
-486
-945
312
-624
-589
30
-829
-940
220
-338
312
-676
-238
774
570
-228
827
188
814
939
-434
383
451
311
-288
38
-24
405
413
-117
141
746
298
27
-99
497
546
361
275
-447
845
-331
-32
634
-949
-985
-307
148
540
-393
105
821
831
742
968
-794
-239
995
-840
789
972
824
-494
442
756
-255
322
-466
-242
-321
-981
-228
-644
-539
749
116
-682
-687
172
-542
-303
966
940
-908
-779
531
776
979
-251
-831
-558
656
370
717
-62
931
-301
-867
-808
936
443
385
-76
226
-886
-56
127
-106
986
237
666
990
463
2
728
136
840
541
527
252
-954
735
-256
-27
-560
56
-302
-105
353
912
620
738
845
-66
920
-509
-13
-636
-85
-963
612
327
-367
-479
171
572
194
-414
163
475
347
-670
781
-924
-873
657
563
229
-770
-393
300
44
263
-93
333
-990
-201
-533
-872
439
-154
-530
513
-893
-413
111
-239
-499
976
-410
893
988
831
540
684
41
550
-452
746
171
-139
-196
356
274
-319
-183
-900
-939
559
-307
707
236
718
154
828
-510
111
255
165
-932
-418
806
-798
-796
-119
403
-920
65
38
-55
-903
751
-817
934
655
-474
887
886
-22
251
-794
485
368
253
722
-107
889
-459
425
864
-37
34
393
502
-897
-868
709
364
-639
852
903
820
-128
-354
-283
71
-947
684
405
992
390
-883
-262
253
603
476
-736
-234
901
-282
66
-86
-816
-332
-719
-424
-515
-7
-720
-57
-947
509
-604
-825
810
-839
266
598
-480
677
617
36
204
640
-738
-956
-560
57
7
-502
-10
489
1
-746
239
412
-314
-287
463
92
-18
344
796
-642
-598
-418
-189
-627
716
651
-196
-604
918
562
862
646
-360
793
656
578
-848
893
600
9
992
-302
-439
-592
86
-378
919
705
-117
993
878
-521
-917
-533
517
-451
371
13
-388
993
-913
-250
-533
-959
56
725
-924
-417
-552
632
-480
86
79
305
805
595
-96
-277
-438
-423
453
762
236
-784
-590
-281
522
895
692
596
805
-808
356
-57
-16
28
368
319
-131
665
106
-318
634
-559
345
46
-153
-494
-823
456
-109
12
897
642
664
747
565
-18
-818
-514
-279
-655
-51
-543
-100
408
786
-974
779
365
776
910
352
-276
501
-889
699
-305
629
184
122
-315
5
667
-593
-199
-768
178
417
-756
-837
-514
896
-608
-898
192
944
476
-165
954
936
106
-559
-620
564
-764
802
63
208
-149
-747
-98
580
487
-589
921
-852
-635
-13
442
1000
-157
572
-68
945
-990
413
-81
914
718
780
785
487
470
689
-384
698
740
-96
867
613
741
108
-126
-444
-387
-267
4
-605
-5
-49
85
739
-227
-2
26
-578
-690
183
41
-57
723
-729
501
-511
395
745
-712
-81
262
-698
-146
796
73
-248
778
790
-862
-94
-964
-151
698
-469
-90
-556
641
369
263
-238
-430
-826
579
440
-301
-451
-706
819
927
-455
310
-833
881
912
724
445
-426
853
-631
-456
523
86
-523
-370
-808
-112
-101
-706
987
880
245
-454
490
-943
-151
927
572
231
-41
-771
-47
-113
577
-482
-568
-623
-950
430
978
537
-131
-1
364
-372
318
518
747
383
-16
-696
516
-804
-341
752
-228
-369
-381
373
-979
-630
-477
-837
678
-984
270
759
353
-317
-79
-752
476
-762
-764
-719
-8
48
-161
477
217
-864
200
-569
933
185
-791
-384
538
403
-348
-971
62
967
-188
-567
657
266
-453
457
-247
664
856
605
839
831
968
214
-649
-251
404
387
985
249
-511
-544
955
930
-963
999
235
694
695
-95
450
849
-548
250
-924
758
-237
-270
-40
-866
112
-854
-972
510
-153
924
150
294
746
352
534
-401
-916
-397
246
-728
-109
471
-549
31
228
76
-101
616
-297
-946
518
791
-953
-801
-153
-621
992
366
-396
-583
-656
197
968
495
524
-841
-770
-565
-878
-160
476
92
-572
-915
-389
471
-786
-324
-755
-956
88
-478
229
-930
-600
-733
-20
681
697
458
717
-483
761
-441
982
679
-23
301
-900
-999
-488
-74
-405
-907
75
548
810
-353
609
-985
-50
737
-583
944
737
-149
159
-843
673
818
-604
-57
-922
351
-266
-509
-717
561
728
-195
-736
-418
-884
3
566
927
157
-945
963
778
-943
-994
76
-68
442
-33
-111
285
469
-655
348
-161
-216
190
-952
-179
-804
999
851
-278
-781
-180
-811
-799
-400
-700
54
-525
913
-550
171
-578
-359
-651
-550
-675
-93
-613
-980
486
305
-687
94
-795
198
-24
218
-435
-82
814
-340
-686
612
789
615
-517
808
-258
-259
-142
320
-142
-430
266
128
-12
988
413
915
924
798
-28
288
897
721
-457
-505
-767
-794
-261
-148
135
-421
-928
-415
-693
331
593
650
637
999
-293
-123
-76
203
-935
-984
-707
-83
-998
102
-977
-665
-508
-925
855
230
290
43
-36
-419
-965
-476
738
129
587
-335
51
43
-914
-756
-212
622
-590
-282
-526
-523
-891
966
-109
456
556
282
749
935
846
767
533
-611
-557
-59
-231
-964
-769
563
69
-688
-756
268
-379
-322
-392
603
347
-327
159
381
362
-957
-718
974
-213
-318
757
-726
-773
-777
-740
-362
770
728
301
93
-752
40
45
-595
-945
-617
-481
-925
-54
-226
-329
-598
-906
-213
-645
116
64
30
324
-322
861
-886
512
251
106
187
-408
8
621
-600
-163
542
-744
-882
971
610
963
-989
-314
-998
314
312
761
246
-834
845
625
756
-409
-696
738
-787
-417
237
-366
-706
-28
341
914
32
129
939
-1000
50
433
-42
-33
914
332
326
249
-8
341
-169
-331
949
-199
-756
-281
-877
-383
291
-809
-788
-275
-460
-23
328
-73
-247
-553
-731
502
-119
269
-313
-946
759
-914
312
943
607
402
441
-299
-347
-619
212
-337
457
-249
-909
-572
-493
742
545
-510
136
213
-367
-530
721
737
-867
-484
810
281
742
-973
-13
-501
-148
-598
-383
409
378
779
573
-350
852
-104
-976
890
851
42
-812
-930
-483
609
-746
910
278
411
423
410
-363
541
390
-517
856
428
464
330
-804
791
-696
534
-5
759
-837
-64
549
-243
-334
492
848
-513
300
997
-764
691
-947
153
784
-746
623
-621
-22
814
-321
722
427
-586
-147
-778
478
753
-978
111
-923
-150
-418
-387
-872
-318
709
-298
-911
-225
709
993
852
397
-378
323
-77
-378
-38
779
558
-878
88
-101
780
-47
294
198
801
-498
444
-877
-755
-838
-243
-294
316
89
771
-408
967
692
-614
-893
333
-921
930
64
692
-158
-269
63
527
-887
-482
358
-113
205
436
-597
603
-17
-940
-729
274
-434
-321
341
-904
891
-406
-997
-459
712
315
-207
481
-512
-692
-167
627
913
651
937
-344
400
898
62
99
942
-836
53
-639
421
-347
991
-702
-768
-462
973
-145
433
475
-447
643
818
-538
416
592
667
-254
683
34
-94
-476
222
-102
582
77
797
-612
-130
745
917
-327
876
-988
-903
-599
-733
-376
-531
-643
-825
868
-861
502
362
-141
531
-182
-117
743
297
574
679
92
-187
-487
-964
-484
-234
199
526
-448
836
514
256
-475
340
179
905
-78
-355
-928
-677
-735
500
984
-37
551
-776
124
-679
-662
520
-978
-170
-116
25
988
272
617
-272
130
-262
866
562
-936
936
715
-846
345
-277
-620
-361
-704
772
-596
-960
-551
592
-554
-397
-964
-907
-728
324
-190
238
548
966
-591
864
253
-47
-700
-868
-772
-251
746
-612
-828
-331
-703
710
-260
-208
-681
399
-432
578
-857
540
71
-400
-686
-845
741
-324
-226
-540
683
599
465
968
-93
412
-889
-990
-928
-847
-549
885
659
-450
66
-680
381
-942
-130
652
19
-717
-148
846
-984
904
-929
-875
-129
932
565
603
-794
825
519
859
-932
958
961
-14
406
415
-89
-774
-125
-98
-104
-9
-609
-344
440
781
-716
-904
-924
-70
-910
-749
733
-654
953
191
-704
-621
270
-228
61
772
249
-177
89
123
470
758
-19
344
105
-793
638
-741
-416
-260
-881
919
-577
-671
-893
-665
-435
36
-151
948
323
-287
-352
652
588
633
-64
-958
852
-245
978
-342
-559
674
87
-55
270
926
800
677
-432
-886
85
994
-172
-937
-952
466
867
-408
-271
-827
-408
-574
-668
-544
180
824
499
-964
358
561
-993
-710
-131
179
745
-463
710
959
662
-207
-167
-371
-909
-796
-579
533
-800
279
983
316
711
852
-572
947
141
-753
-635
951
-270
-123
733
-983
118
504
-301
-484
12
651
319
-902
915
-393
-18
359
896
176
806
564
-919
935
-387
717
-733
-242
310
399
517
921
-470
-801
781
-311
546
87
-12
825
131
281
930
949
-6
-349
-954
-587
10
-331
-352
-35
884
-674
871
-243
992
-876
-671
-760
711
-669
-205
55
-759
-343
-726
-959
692
242
427
230
189
-344
-199
-835
734
657
997
215
359
-384
-529
-196
921
681
-50
342
-513
-129
-633
-749
658
-852
12
776
-943
-238
-571
-631
641
621
-663
-641
783
383
5
-726
-249
744
-476
127
-432
568
-46
-336
-925
-643
87
-397
959
-169
-678
-416
308
-677
-243
-946
-799
149
147
877
969
-486
-162
-637
-68
487
302
87
902
-519
236
-333
-15
444
942
-296
-704
995
-9
351
-336
264
-372
786
-256
515
-171
865
-503
947
27
-993
800
589
533
-935
-618
832
775
-922
661
-794
741
-688
269
-935
-2
614
-773
549
-338
-657
-800
827
-673
-848
643
237
372
638
-923
148
63
418
457
-350
857
917
177
125
-747
613
888
-748
567
-268
-891
276
-208
-811
-438
-22
-917
362
-718
200
-411
399
-314
-294
-770
389
128
-37
326
-874
340
-1000
20
313
-196
-621
842
-418
-203
754
-686
28
-180
884
-523
-770
-473
-545
262
-391
-362
-108
596
-519
785
616
-860
-689
-959
228
88
-237
689
81
894
599
-842
-687
-427
-555
515
-970
-129
-961
-194
-695
772
-480
17
-370
-217
917
-446
826
-566
-922
393
819
-783
593
-302
409
-9
-166
-577
523
925
-452
-757
-506
-614
31
391
596
801
947
753
414
-76
-393
-850
-595
282
144
-808
566
931
-381
6
-182
-409
217
30
440
-604
-136
-995
-722
550
-967
-377
73
892
997
473
-187
562
-652
343
-711
-883
-157
120
574
267
858
894
406
144
526
56
-45
666
-295
294
-368
-9
659
737
308
-951
777
975
45
22
-407
-970
584
-54
561
732
-760
-819
463
428
245
695
-68
180
791
-166
940
129
775
-424
-211
290
622
312
588
328
-506
887
-476
-314
987
515
-445
641
144
191
822
-518
838
-726
921
602
-786
-626
302
841
-345
-807
-879
-41
235
69
393
-842
-408
604
2
347
-331
-101
374
178
-101
346
361
-152
751
65
455
-979
682
229
-90
-109
108
962
0
534
782
590
-752
-594
-596
350
-716
549
146
-98
-652
355
932
918
625
-679
-201
-822
-150
846
878
-924
395
888
391
-447
234
-565
-784
976
632
-829
291
953
-466
969
778
121
378
-224
-265
763
-723
628
697
-87
-836
-972
52
870
-686
664
-831
318
590
391
791
-167
-302
94
-98
496
413
955
966
158
583
669
-237
62
847
605
-392
775
-342
-504
563
653
-391
190
-65
788
-47
-558
48
-735
-238
327
-347
590
-199
-460
602
-199
842
771
-70
-470
12
568
-135
-553
-76
-639
-682
5
66
-540
-746
-188
-688
-76
841
-624
381
-443
-779
-703
-841
522
70
-863
261
28
911
-583
-247
-169
-17
827
-969
-434
-452
321
869
-118
35
-795
-115
651
-701
22
777
741
878
405
623
-323
216
-892
-138
669
501
335
997
9
906
471
14
950
-449
482
-826
-18
7
960
-292
323
-229
-632
-483
-697
969
10
557
-467
143
-35
68
123
-403
358
629
211
643
-333
-837
322
-714
400
-317
31
-379
694
-408
-411
-372
-415
-778
-785
-369
251
355
-762
17
-528
89
-442
126
-622
-749
786
-261
666
344
-784
-108
492
349
-724
-569
412
-273
-298
3
-58
146
-707
-153
993
395
332
873
944
675
990
-725
145
-80
-463
-446
-749
-436
171
898
746
275
961
874
-115
-325
-458
-240
-823
77
489
-985
195
-883
40
514
701
116
-507
379
667
678
697
132
-355
989
-309
80
-714
-580
-541
-34
888
-952
321
-211
-313
235
-52
144
365
-596
295
-760
-209
807
-600
978
623
138
-633
984
88
-157
-341
751
126
-155
-875
605
-482
682
-253
-556
776
-897
-525
497
215
-200
-707
137
145
-482
416
579
-284
576
962
-275
-997
78
146
940
-664
738
-985
-378
-490
-225
736
778
-661
912
-179
-813
-954
105
55
-679
37
-626
-921
-673
-360
-777
-241
368
-909
462
-748
964
-430
161
-384
227
-183
826
56
-787
802
65
450
-253
798
384
27
-89
-592
451
-708
-246
-675
840
39
-235
-228
-969
-896
-714
536
-627
854
-51
-993
672
-193
625
820
88
587
-904
884
-851
931
194
964
873
-755
110
114
-211
993
-941
622
-177
-55
587
-251
494
773
-75
-665
-265
726
693
519
45
-679
-358
964
-356
-488
-949
262
-923
-803
-465
-250
88
447
-230
832
839
464
380
473
-452
867
176
629
-56
-303
-485
-938
120
758
-113
416
-592
763
-38
-138
-293
263
-348
257
339
860
817
507
-263
312
629
414
-629
716
-792
-857
812
868
724
-919
-839
122
-926
483
-891
594
-236
-538
-134
158
386
-977
-219
-458
498
-401
234
-596
331
468
-876
-440
-635
545
300
294
243
-89
-915
-863
895
115
-882
-327
-641
352
206
-798
-523
776
854
-656
885
84
-790
300
963
-902
266
-499
988
-607
608
-288
174
899
-748
155
-161
-463
-378
297
-207
-857
-566
-826
-211
-627
-661
522
524
670
497
830
-312
-937
-135
-694
-942
-629
-351
-803
-367
-618
-954
94
721
224
588
363
-19
-528
-592
-753
-606
207
-255
304
584
-716
-906
656
-902
-942
928
-365
517
277
987
-580
372
-412
86
-230
-58
664
861
-705
-561
35
-343
-914
697
-795
-147
39
-160
-397
313
-798
984
-356
922
944
-551
-824
194
566
516
200
-217
-595
12
431
266
-435
67
677
-680
384
-42
-556
43
-509
-175
-435
95
419
248
-576
-746
-920
-134
457
997
5
680
926
477
-903
158
-948
284
431
109
-636
-785
-390
165
-381
976
-307
953
94
237
997
-82
-30
-335
-853
367
-378
947
-712
-612
610
-186
-13
-790
-489
-202
-921
27
-981
-328
752
494
-973
440
712
-776
-364
353
-526
-770
-677
818
715
631
-950
-405
-248
-537
-609
-881
-249
291
540
-541
-473
-99
-426
127
-105
-957
-716
27
670
-790
94
-712
499
473
471
-78
511
-735
-642
977
201
-708
-513
669
728
388
857
811
-879
120
665
-559
-799
-61
-606
921
889
-845
643
-841
610
-308
823
945
-143
-279
277
941
-228
499
737
-699
627
675
-58
-566
948
-181
765
-245
-980
410
-895
-783
471
-950
-987
614
726
-465
-4
125
389
140
-707
-434
842
912
899
848
-80
-565
-796
-265
-414
-442
-258
257
-798
-831
-178
-373
-213
-72
-327
-83
-427
990
-157
-250
382
-613
291
-510
938
715
506
845
-782
575
-953
468
16
-29
805
-227
495
-492
-780
410
-24
93
617
-806
-659
815
992
547
-522
872
548
437
366
103
-277
837
-426
-558
378
-667
651
340
-329
933
-58
-798
938
199
-137
409
453
-253
-208
515
590
-768
64
-565
-582
-838
123
-221
383
65
773
988
633
-261
-336
-544
451
999
205
-582
-377
48
50
126
750
421
202
690
-735
-177
541
434
999
133
-256
-896
182
829
-340
888
-563
-42
902
985
633
72
522
812
253
-343
345
582
-6
254
615
411
-149
-441
596
-276
915
-969
-207
771
-540
38
830
-467
-48
-340
415
-528
-877
-609
299
-772
734
691
615
-257
560
-125
-809
349
-436
-860
-525
776
615
-612
198
147
434
59
-77
-557
-45
998
257
-702
112
-456
-46
733
498
-30
-933
830
-592
-587
393
-762
651
393
-78
187
-322
-775
-7
396
175
805
-476
-172
-524
348
-368
-85
-557
-605
805
159
-676
788
851
239
62
-246
389
-787
985
-491
149
567
-820
-31
972
669
132
352
723
814
-986
413
-79
323
-451
-133
395
418
-248
-763
-348
-462
935
-395
973
-440
-489
173
-197
188
-749
525
-952
916
-453
-13
-539
135
545
-710
-412
-695
77
-939
-447
-590
306
-142
575
-866
-587
242
-495
260
240
374
-4
102
-744
916
999
526
584
-943
-599
-212
-194
419
892
-587
121
-738
-33
274
-38
-951
769
88
909
-456
371
-104
23
-168
265
-787
628
130
-227
691
897
-678
17
87
-749
211
485
373
-211
-207
-446
-854
-795
272
-99
273
-303
188
-406
-596
726
-941
-727
-9
822
493
-752
-318
880
-176
525
259
185
-977
754
168
-802
-506
-946
324
-50
846
216
929
-918
-174
-251
-631
116
-388
-115
-819
868
-918
536
752
-717
544
-522
-669
101
-938
159
940
906
-964
362
-550
476
-962
-860
770
666
31
-289
-288
-371
262
985
-239
-637
-54
-885
29
-545
-700
334
-505
-16
748
62
-496
-550
-810
672
113
156
-801
655
-526
401
222
76
600
794
838
218
-695
594
15
-352
-653
482
839
-261
-302
-608
371
-664
366
-837
676
825
-302
-580
932
736
-14
-239
414
141
914
-109
-39
-745
181
902
-231
479
-501
-46
496
-951
768
797
-913
149
-638
-134
703
853
-790
-217
-226
-872
-123
-256
935
-427
-927
797
-636
537
-46
-1000
-794
421
-2
-593
-264
498
541
-114
353
-353
955
362
-632
-776
565
263
771
-138
-649
-646
128
-856
-239
-765
-950
-898
546
-487
-298
-521
532
-186
178
853
784
-968
-423
-135
-417
-530
-675
160
852
628
756
542
-506
-671
679
222
728
-192
-861
866
-599
-3
442
-67
57
191
-688
973
-455
201
884
485
683
309
-863
-130
-406
-931
567
-34
283
452
-674
328
477
318
-836
-556
498
-979
-666
148
-979
-784
-76
636
115
-314
-484
-67
-516
55
-614
792
-90
-149
754
384
804
773
-985
-417
780
838
-962
-392
-465
-978
395
129
-132
55
398
467
-324
-140
654
967
-390
249
-511
-564
809
654
-241
-737
-386
195
707
-660
722
-859
671
-745
-620
724
194
-430
916
871
-133
729
39
-145
-495
632
-430
-378
507
-280
952
943
53
84
-397
-180
-409
-34
56
-679
-745
504
-601
-781
491
-643
-585
873
-254
-376
-362
-84
-625
444
-448
-765
377
808
-341
669
-396
552
-46
-774
117
788
-613
-184
-63
-883
356
979
-918
-372
653
-133
-854
-523
821
-24
-52
729
-229
209
330
411
554
-704
-683
-632
-771
623
354
-564

kksiwkksiiis
-977
-704
-617
-868
-258
810
144
434
-643
759
-307
-878
151
569
-535
699
445
501
520
-540
172
-618
809
-612
418
617
876
-490
-113
-551
482
-106
987
-687
687
-692
272
364
-846
311
-282
991
806
713
kkkswjw83kk3i
358
293
-589
-273
-441
116
-837
-143
-570
-329
-416
-796
-245
-762
-721
897
-86
-171
-432
94
-836
-478
418
840
-67
-106
-317
47
185
1
675
26
307
144
577
497
-126
-437
-431
772
313
60
-430
709
441
108
305
273
-966
525
-777
-407
288
-864
769
735
36
94
-794
944
810
636
-258
-919
870
-825
-329
-764
889
-644
-888
-967
811
671
-460
-516
101
242
-560
-817
108
843
-724
-510
-47
-72
-884
302
-349
123
-524
792
309
-651
-972
-323
411
371
135
-109
-828
-339
21
318
-380
611
876
-867
758
-599
-729
982
66
259
218
607
-697
-848
709
403
-295
-678
118
-301
674
-877
930
-139
441
-957
782
-136
-548
-368
762
-309
342
477
-298
912
43
-904
-846
-143
787
824
-168
-503
131
-265
368
-506
738
636
247
-215
352
610
833
896
323
-961
715
-647
-373
-297
820
-742
-765
-833
762
-282
-235
-936
-663
-842
-535
-114
561
-785
-356
-444
-91
844
551
-32
-344
-139
176
-465
483
-595
-411
228
-27
339
-416
693
-690
383
286
-662
-437
61
-560
31
795
549
277
-668
584
-778
-236
665
-264
848
403
271
-252
-245
-974
-434
685
824
932
-765
299
898
-885
-77
382
-209
-872
102
678
-77
463
216
-753
542
613
155
-853
213
412
951
-92
-22
979
410
85
741
527
654
52
169
853
520
818
68
-678
-213
-50
-679
705
496
-716
-573
-681
-695
-51
-741
979
-854
-447
321
-848
-908
-579
432
849
7
-75
-386
-141
-420
822
-209
-51
-908
458
648
253
-578
600
90
-180
741
901
340
971
-582
979
-99
-952
769
904
290
625
271
-166
634
754
619
85
-38
266
-830
-929
-137
394
-530
879
481
53
-674
-587
251
547
-673
-786
-28
48
128
-938
756
-358
-437
-426
-710
-153
-66
-942
-574
-134
448
-312
-154
-517
-550
-617
-612
361
-597
-843
50
-504
730
515
515
801
479
-618
658
-556
653
-343
-161
-703
101
-994
-883
129
887
245
674
-398
-949
835
-921
86
-98
-220
-746
-108
-696
10
440
726
-108
-579
812
242
-206
42
-383
355
350
-579
-846
203
-334
342
338
69
-698
-432
491
462
897
-993
-50
-120
288
-399
901
705
210
-812
565
639
-253
-476
-977
-473
-746
-845
-394
767
-650
496
-177
-407
807
-288
-281
-415
-116
-222
861
-551
-23
502
-786
578
-884
119
670
-886
-443
-359
-305
741
116
665
381
446
503
-982
377
-113
-652
776
-848
-450
-390
107
-71
273
359
515
386
480
50
-230
651
-670
970
-425
683
917
270
1
-980
-319
821
-260
863
-248
419
531
-867
453
-354
-958
402
-507
975
47
-24
728
914
508
-339
978
833
905
222
-835
691
57
-843
670
536
391
579
655
-81
330
-230
958
890
68
-650
-968
-401
-379
-884
-479
876
-154
818
-592
853
504
-419
735
220
553
798
611
-530
922
-708
758
-341
-249
620
497
154
6
115
107
272
986
970
230
-297
-303
-68
-575
-377
781
-383
-564
-908
-919
127
480
913
-209
179
18
762
-991
-681
259
-983
334
-900
-481
213
725
-2
-244
746
338
907
912
106
759
-813
-128
315
-79
-881
982
-758
271
991
447
478
-666
-590
787
881
-262
338
272
-782
73
508
-948
-160
50
387
38
413
682
95
555
-26
-13
894
-591
473
-680
972
987
590
280
29
899
940
-891
-509
715
-558
-196
-3
-45
-722
-546
152
-955
235
197
968
-766
-984
260
63
-370
752
-11
-412
-422
-443
-372
799
-600
-844
-826
514
-230
942
-214
864
666
-700
608
386
-245
8
-565
560
220
834
-621
347
600
571
-535
-486
324
-329
445
-504
701
257
454
-291
785
-795
401
343
-179
344
761
-61
-942
177
-878
279
363
-234
-897
-371
-923
437
-646
-454
405
-152
508
567
-392
386
-249
-592
-983
112
620
-224
-75
-625
588
66
-74
-948
-411
-622
-448
197
15
-433
-952
865
377
-609
614
-677
161
-864
61
301
814
966
-652
293
-380
-854
-797
-422
466
224
-472
245
977
-260
-986
-451
31
736
172
-928
-301
512
-285
-298
877
-229
634
-148
-993
-377
333
-764
732
-155
-35
-177
-345
421
507
60
841
486
413
979
622
-576
-202
-275
940
726
173
-55
-580
-381
-828
-563
628
137
-425
-22
585
774
746
-209
47
-556
225
652
-222
887
-655
-295
-498
-617
-812
278
-296
-280
927
-492
-134
-667
-998
416
268
246
-730
-362
328
-210
538
-844
725
-14
-941
-462
410
337
-466
-828
-620
879
-616
749
-1000
-147
588
748
500
-410
-923
-412
904
217
-367
385
354
678
110
597
643
-600
-740
916
157
-876
-651
-193
184
-926
-6
-237
-241
578
751
210
658
684
228
192
237
771
326
-360
797
-368
-882
-532
-777
-903
603
794
2
-127
-356
743
-931
947
-908
30
-873
-418
-479
-11
54
777
809
-228
7
-825
698
770
-58
364
-275
386
310
-968
-517
-795
595
340
613
-286
534
-656
-962
-224
-104
-480
-501
-335
-794
432
66
949
578
53
366
854
-234
737
-928
507
505
-17
-666
763
-573
430
-999
-782
6
-288
-121
475
-893
-926
-353
343
-687
44
-278
638
-910
-259
576
520
-584
483
-748
-397
-845
-693
367
244
-160
-570
-160
643
109
-496
148
-37
362
987
305
812
873
-436
-425
-466
244
802
-24
39
854
-442
666
-709
247
322
612
-111
-877
765
415
-762
367
788
-561
-495
-809
818
-387
601
-341
-531
44
919
597
70
-436
841
341
-97
-505
423
-310
164
991
614
467
-725
863
273
141
-895
-215
119
839
-552
-661
542
213
-906
-542
52
280
801
401
-822
-996
-508
353
-129
380
-891
625
-908
-332
-193
741
-311
-914
-937
-852
-572
-568
-327
-728
918
-606
-433
737
-83
37
225
639
-539
-565
142
-904
957
-26
180
-719
-55
-939
655
-589
958
-959
497
-910
106
68
108
-400
-536
744
-207
496
714
840
-976
851
40
-228
404
962
-995
-460
827
811
-229
285
-54
-220
-363
-885
-750
738
887
-507
789
519
-800
-296
549
-737
475
-251
36
391
19
-860
-390
202
371
-148
899
277
775
-27
-322
360
797
482
-210
75
575
58
-950
623
-149
319
419
646
659
786
-893
873
-601
223
-956
-406
662
-459
174
61
424
235
247
-886
492
-489
957
-456
193
968
844
-771
-215
-548
-728
310
-707
479
-646
-274
301
-187
956
632
-394
-166
428
-74
307
494
-191
-943
-877
192
892
576
910
-504
170
-977
-916
687
337
-175
284
-341
982
-222
-609
-679
550
-984
-996
268
-5
-285
-16
-449
-422
-129
342
-956
149
-388
62
-591
-143
650
-217
-498
436
880
-811
-479
-454
-684
-526
-228
-641
-305
528
-301
538
-954
-504
424
83
180
-70
339
-415
141
658
-848
717
-981
848
49
390
-402
226
-52
-627
373
404
-187
-303
-948
23
962
929
282
289
-457
-830
918
892
-836
120
-758
-236
-21
-55
702
894
-323
735
-808
521
-922
850
311
-954
-623
-4
408
232
-452
-331
418
-268
-6
-356
579
-751
-17
765
-321
-667
635
-299
424
653
220
-509
13
-54
-136
129
359
840
-495
-493
-720
948
811
204
-728
804
197
339
-861
-276
-392
459
28
-356
342
-774
721
885
-444
176
589
-424
983
117
523
890
-275
300
-185
26
-525
888
-113
207
721
37
-218
-647
-203
-640
542
27
740
377
-623
-542
403
-163
-454
688
606
-772
946
848
-102
-661
447
151
-718
445
615
-251
639
-823
263
-878
997
-702
756
409
-244
76
-870
99
932
791
844
887
-162
-858
107
-794
696
546
-783
529
-921
108
308
627
267
725
201
496
842
489
-769
549
-452
-58
-659
546
-534
738
-256
293
-675
-837
-904
664
349
-386
-814
967
-270
489
35
-461
570
554
-614
962
-28
396
-874
662
681
524
391
271
699
-175
990
34
46
-450
-164
14
-349
682
-744
393
-764
39
269
-367
586
-170
-349
-822
-437
-327
172
-102
172
456
-567
-499
-568
712
-70
21
16
571
151
-356
-13
603
38
-808
-488
-959
-951
-454
630
-255
224
817
-558
998
-207
892
400
-717
852
-377
-877
525
-567
773
-81
585
-528
578
636
407
287
-751
-453
-57
-170
-771
438
-82
-730
978
270
207
-532
313
-133
302
-570
-984
689
-316
-889
-964
905
-387
-569
195
713
-239
-917
-526
342
964
-77
-156
670
125
-392
561
424
908
-999
-624
-571
940
471
14
-874
-739
49
-356
-103
259
446
-539
33
593
468
396
-970
593
622
830
531
650
482
-306
-780
-191
623
-827
-921
870
527
-483
-381
920
-378
665
677
-654
-153
-819
-781
-990
-917
913
-6
606
-732
149
-943
-194
-479
983
592
-474
-374
157
-584
-497
-544
770
-53
532
142
-581
-876
-483
-906
165
301
771
763
-789
826
905
-568
654
18
-948
202
299
-977
-449
-516
19
-10
692
115
712
-873
-499
-117
344
860
128
80
356
-375
-879
94
653
-227
-606
-315
478
624
4
528
-629
458
-342
-124
-278
10
-760
226
-143
-15
-709
-973
412
-951
900
-524
-340
-355
951
-188
245
328
-608
-483
-199
977
-728
-404
34
699
54
955
588
527
-604
-7
-710
915
-804
-82
-307
-409
-710
-154
705
915
842
310
-839
840
956
254
-483
-691
663
236
-298
-466
233
310
987
-680
305
-138
302
-36
-633
-662
72
104
286
-795
593
-849
-339
-754
793
115
720
516
-262
-904
119
-686
850
944
-268
574
242
-870
743
724
-211
-685
651
104
-149
-911
457
-275
25
-793
399
520
213
-128
-258
-415
-675
961
693
-436
288
-912
232
9
-41
-997
906
-370
-502
-886
553
241
-916
-60
378
683
349
-333
-175
-299
139
855
-661
269
964
-227
-339
999
815
-926
-101
491
-667
770
501
-219
-327
843
-675
233
572
606
-298
453
251
-447
-938
755
952
-786
-1
626
-759
-784
-658
-362
-536
-18
-92
-57
-938
896
-480
-56
-423
-666
951
-613
803
632
643
148
711
-171
450
-238
764
-215
508
-101
-626
665
-672
748
696
345
605
-133
431
908
-651
-410
122
-599
611
-178
544
-686
-609
785
-756
435
-618
618
157
-88
833
-896
83
-367
-579
-842
-361
-744
646
964
356
-953
-737
309
991
673
-780
-607
-290
950
836
46
182
-80
867
-521
236
950
543
879
-775
-251
204
-135
-838
34
829
-354
900
-548
-730
-353
284
92
35
879
-962
-859
157
512
578
591
416
149
-735
626
360
794
-269
-174
751
288
-708
440
14
234
594
206
367
-765
-349
718
-586
587
-850
588
972
566
583
770
746
-634
-247
-29
-672
-479
906
870
629
-79
749
145
792
728
-897
-112
620
185
-580
869
-218
57
-222
201
-401
-629
-767
-729
-806
-520
-927
758
501
944
623
10
-291
-611
-443
798
520
55
260
628
-702
-259
-312
27
-354
103
995
81
521
492
-300
-329
164
709
-63
672
179
-17
-144
-31
499
597
901
52
194
-568
522
-935
-854
-872
363
-856
603
958
584
-702
210
-692
-936
929
493
-914
-901
124
-921
942
-248
200
72
-374
-633
-844
-862
632
140
525
-866
913
-719
172
444
943
845
-80
-906
-87
-789
-348
868
-921
131
-205
-157
489
250
-607
-212
-787
-902
-388
-308
-192
-603
383
-255
507
-626
68
-42
-765
462
578
516
958
-203
89
238
89
694
619
683
524
228
228
-859
360
644
51
951
-58
80
-123
-136
-416
964
576
-201
242
65
-617
-158
157
-777
-29
-216
747
15
422
626
947
-10
734
-720
892
825
-887
-508
-634
936
557
-896
-257
-297
-255
-748
-473
-771
564
326
-229
409
-372
957
382
-951
-418
-950
883
490
-413
-30
-942
-418
-913
611
-170
938
339
-942
651
539
-368
-204
-235
336
746
89
-240
286
-509
-506
-115
-750
277
-757
-410
-843
856
-6
475
607
718
169
539
159
232
-903
853
980
-988
732
-791
450
-21
420
-169
-339
977
-960
383
71
935
-43
131
-21
28
-623
262
-23
-285
74
-129
323
-94
872
105
776
80
-358
570
944
-30
-696
861
787
-572
-307
-80
-214
404
-448
-903
-948
423
394
234
-927
-332
-234
263
83
-263
-749
-37
-534
-177
711
685
-198
144
-762
959
787
-437
-581
-559
483
-463
451
-466
431
44
954
612
-356
-468
127
847
417
60
-10
-443
661
46
710
-774
-292
-286
654
-798
305
-380
600
221
-876
-211
590
-366
-297
-634
-763
570
-748
-533
121
-870
-405
96
3
-545
-972
-316
651
-956
-347
-316
456
897
901
227
778
939
-836
-504
-903
-50
753
-124
932
-964
-856
445
-75
945
227
-986
-680
-706
495
15
528
519
-852
951
-905
-89
625
-279
-299
-394
137
-681
223
-523
793
115
98
-265
754
223
-784
872
548
340
-758
301
-983
-35
862
60
-611
-753
118
-99
709
-348
-340
35
-62
-322
-813
-974
651
105
222
783
-490
590
614
-483
716
770
660
179
-289
-14
-813
155
499
-407
955
264
-570
262
-485
944
-142
416
978
738
-93
927
551
-451
187
652
-474
978
-955
526
209
-326
-794
-272
340
-776
-702
644
-351
-482
37
618
-517
57
-927
-876
-616
508
97
-419
-987
-354
25
995
-12
357
14
-91
928
-333
703
-417
-884
-621
-540
829
583
-661
105
508
-578
931
729
-418
114
-177
591
-550
-262
728
949
-618
624
501
160
-364
768
77
-958
-667
-626
32
415
-31
542
-393
548
-589
2
288
-134
-544
515
-890
-116
937
392
-140
463
-154
939
-612
-28
68
941
707
-236
969
-478
-719
674
401
196
-989
101
-240
-297
-108
749
874
-187
561
-888
869
597
229
156
-517
135
53
-602
-999
-308
339
974
-728
958
977
-849
531
369
78
-989
777
-65
-845
8
179
869
314
292
216
-708
631
-147
-355
-578
-583
-953
743
-410
-908
-792
-543
961
-671
-82
-859
-532
127
928
195
-879
671
-326
456
-919
-662
666
13
-431
231
-66
587
-276
-488
-858
290
676
804
-536
-258
635
-551
920
216
-398
292
106
-534
379
-73
-320
-847
-405
51
683
-540
437
767
26
-637
-612
489
184
309
312
-472
59
737
-350
902
-29
-697
310
276
-819
-248
-204
-62
-51
-559
441
203
-515
-887
-977
852
851
623
-455
-439
-995
-541
-196
-190
-421
-690
-688
-191
-496
594
512
441
913
347
-819
-408
-484
4
-987
-836
-906
624
-356
-361
-73
-527
-523
-151
-725
-717
-996
514
27
-412
701
35
78
418
326
799
-971
199
-189
747
-367
698
-205
17
-332
-390
810
-662
86
-592
136
446
-782
418
92
307
-544
-760
-976
-387
519
751
156
630
-239
-374
-362
537
-74
307
-556
773
-356
-510
711
541
-799
-369
718
831
706
-667
37
-554
-965
583
666
-415
-236
-796
-163
-917
-898
-165
-82
125
924
-561
-300
-54
-813
-633
-69
-919
157
425
-301
-728
-896
919
-233
-893
-230
468
334
-682
-567
157
797
-514
-138
-40
123
145
780
-285
-590
-288
-16
-555
625
-732
-108
17
-637
618
-985
157
514
984
913
-835
0
-948
-600
-984
-903
161
717
289
447
484
258
28
564
46
-164
-864
165
-515
334
785
-109
-38
939
953
347
-73
983
153
27
-476
-657
-332
-407
-112
659
911
592
594
915
142
-553
20
401
-223
-194
587
-265
-112
60
-843
-204
759
-663
-419
-981
-779
-31
321
-107
491
-446
362
-220
12
-752
-884
-455
-947
383
-551
729
530
549
789
957
146
-403
141
-357
139
-562
