0 0.489518 0.514879 0.102192 0.578901 0.925066
0 0.0641434 0.457785 0.0890235 0.459854 0.912618
0 0.620935 0.528241 0.103264 0.553163 0.912292
0 0.96384 0.419123 0.0715347 0.398237 0.853247
0 0.235839 0.476293 0.091312 0.411626 0.843864
13 0.234583 0.418585 0.146457 0.0970376 0.725082
0 0.348758 0.377995 0.0215172 0.0799303 0.72301
0 0.153658 0.39761 0.0356987 0.17835 0.711007
0 0.115476 0.393869 0.0338283 0.178741 0.691205
0 0.400771 0.388619 0.0300521 0.0578357 0.435009
0 0.130484 0.377154 0.0252104 0.17347 0.397517
0 0.394404 0.363502 0.0211113 0.0734605 0.327892
