0 0.376612 0.494346 0.115604 0.563926 0.935359
0 0.53914 0.51004 0.0990084 0.521168 0.931153
0 0.0879342 0.383762 0.0343629 0.179336 0.823647
0 0.220452 0.40928 0.0403858 0.204558 0.815961
0 0.122067 0.383864 0.0335062 0.173735 0.747361
13 0.271945 0.422343 0.077165 0.0960229 0.73112
0 0.281662 0.353834 0.023855 0.0476425 0.698468
0 0.0293842 0.390312 0.0277293 0.16189 0.689589
0 0.19278 0.404279 0.0317367 0.195723 0.664038
13 0.233403 0.422001 0.154718 0.0982313 0.631673
0 0.0614571 0.377846 0.0153892 0.131895 0.263241
