0 0.556356 0.509179 0.11244 0.525346 0.940621
0 0.385482 0.491851 0.111744 0.570054 0.928558
0 0.221595 0.407219 0.0379832 0.202908 0.793982
0 0.0874858 0.384603 0.033544 0.180386 0.760673
13 0.272894 0.422721 0.0758137 0.0949017 0.754868
0 0.122339 0.381509 0.0342514 0.178202 0.727634
0 0.0290033 0.391084 0.0282686 0.16029 0.708978
0 0.278341 0.352509 0.0236346 0.0513682 0.690319
0 0.193448 0.403716 0.0326202 0.195421 0.662387
13 0.233731 0.421638 0.154343 0.0976646 0.644943
32 0.558878 0.224449 0.00976009 0.023165 0.325482
0 0.0613064 0.379613 0.0142296 0.132653 0.293266
41 0.379978 0.272382 0.0232184 0.0398284 0.267841
