0 0.849785 0.528968 0.135855 0.685373 0.937343
0 0.971067 0.554842 0.0570402 0.625384 0.896925
0 0.227766 0.412985 0.0422837 0.205978 0.859111
0 0.280164 0.413232 0.0481994 0.224462 0.850736
0 0.0727741 0.389109 0.0373143 0.180405 0.847658
0 0.0117204 0.397263 0.0234393 0.159909 0.818809
0 0.401865 0.391385 0.0358213 0.0584585 0.765761
0 0.0350709 0.394384 0.0189208 0.154597 0.70496
13 0.184669 0.420514 0.0561704 0.0930153 0.651967
0 0.140448 0.375591 0.0398221 0.19942 0.563775
0 0.395053 0.364596 0.015233 0.0664699 0.562224
