0 0.945379 0.547098 0.108596 0.64655 0.93289
0 0.83222 0.540904 0.11276 0.661088 0.923638
0 0.207717 0.474333 0.0966768 0.501406 0.915863
0 0.352868 0.487926 0.0882763 0.459605 0.91401
13 0.2788 0.423111 0.0620353 0.0932473 0.88193
0 0.102519 0.378968 0.0350618 0.168866 0.839288
0 0.135451 0.38183 0.0290967 0.170589 0.785114
0 0.0753092 0.388021 0.025962 0.158447 0.783915
0 0.159258 0.397693 0.0288784 0.189179 0.727657
0 0.404483 0.389478 0.0305435 0.0670432 0.625681
0 0.0299729 0.383988 0.0283809 0.146599 0.256379
