0 0.614157 0.535314 0.13167 0.601989 0.93473
0 0.761934 0.533845 0.121881 0.597063 0.924208
0 0.131701 0.471427 0.0933987 0.470521 0.915717
0 0.253267 0.482481 0.0818376 0.436284 0.896378
0 0.0692083 0.38682 0.0249301 0.15035 0.748428
0 0.403779 0.38915 0.0308933 0.0604349 0.718385
0 0.336346 0.380951 0.0227699 0.0812952 0.686403
56 0.295509 0.421399 0.0273809 0.0987345 0.619694
13 0.209914 0.421868 0.030088 0.0939587 0.428951
56 0.824443 0.553199 0.0269339 0.0517066 0.386232
0 0.0921252 0.380166 0.0213331 0.163112 0.30742
