0 0.574883 0.516186 0.128179 0.544145 0.945186
0 0.467893 0.508851 0.114383 0.560913 0.937107
0 0.0429757 0.450046 0.0858648 0.451495 0.926743
0 0.199621 0.465573 0.0838109 0.41115 0.907769
0 0.913087 0.40927 0.0869499 0.388919 0.906749
13 0.270728 0.416281 0.0691334 0.0951284 0.856322
0 0.088095 0.380623 0.0325756 0.184662 0.716774
0 0.135837 0.387719 0.0372153 0.187085 0.657277
0 0.35075 0.376986 0.0208766 0.0852983 0.623237
0 0.119114 0.372816 0.0272865 0.164415 0.416629
0 0.396367 0.382744 0.0263236 0.0644019 0.354609
