0 0.942834 0.546185 0.113491 0.648446 0.94352
0 0.828986 0.542317 0.116673 0.659173 0.922995
0 0.205177 0.47565 0.0935346 0.499415 0.915401
0 0.349171 0.488358 0.0865422 0.460288 0.910086
13 0.278493 0.423273 0.0613275 0.0932091 0.864197
0 0.102817 0.379728 0.0346066 0.169483 0.818017
0 0.135661 0.381011 0.029505 0.17136 0.769898
0 0.0750469 0.387938 0.0278166 0.15855 0.757724
0 0.404061 0.387862 0.0308633 0.0631704 0.682401
0 0.158413 0.397569 0.0266552 0.187396 0.624533
0 0.0402874 0.387867 0.0551085 0.156846 0.260574
