0 0.882942 0.551338 0.133754 0.667206 0.929212
0 0.381003 0.492848 0.099593 0.462148 0.915086
0 0.220711 0.480344 0.096769 0.503931 0.891599
0 0.977948 0.588087 0.0433243 0.554282 0.855971
0 0.135367 0.384072 0.0292839 0.176142 0.807716
0 0.0981217 0.382446 0.0324139 0.168202 0.798031
0 0.163825 0.397768 0.0348043 0.192654 0.77195
0 0.0735761 0.388929 0.0244642 0.158395 0.732977
0 0.03235 0.386 0.0218021 0.155429 0.71551
13 0.28838 0.4227 0.0476726 0.0938634 0.705663
0 0.321978 0.376786 0.0237151 0.0779744 0.635447
