0 0.950925 0.532171 0.0973599 0.721229 0.934009
0 0.0771873 0.38855 0.0421582 0.182699 0.862908
0 0.246114 0.41441 0.0456367 0.215362 0.844716
0 0.311968 0.417036 0.0556161 0.234578 0.834321
0 0.0122407 0.395797 0.0244346 0.165192 0.778507
0 0.16313 0.379736 0.0373676 0.185652 0.764436
13 0.202937 0.421214 0.0527013 0.0922945 0.717767
0 0.205615 0.347767 0.0212011 0.0575654 0.66952
0 0.406733 0.391414 0.0260602 0.0591864 0.622913
0 0.395236 0.364545 0.0151636 0.0667787 0.51883
0 0.135191 0.397969 0.0194384 0.0866159 0.458333
0 0.205457 0.369554 0.0220057 0.100033 0.25973
