0 0.48549 0.506241 0.115288 0.597412 0.932273
0 0.670192 0.531183 0.117361 0.545292 0.932241
0 0.234665 0.409483 0.0476267 0.208865 0.849228
13 0.233428 0.421497 0.154762 0.0992265 0.841158
0 0.0763652 0.387901 0.0380375 0.181253 0.818898
0 0.0196038 0.395066 0.0322667 0.165783 0.807457
0 0.207223 0.407944 0.0278005 0.200976 0.787009
0 0.262182 0.355073 0.02504 0.0500664 0.662876
0 0.402645 0.390657 0.0349327 0.0622096 0.610598
0 0.125814 0.383905 0.0308169 0.181698 0.588384
41 0.478387 0.279516 0.025885 0.0411995 0.281653
