0 0.797229 0.540834 0.123121 0.571073 0.941223
0 0.602772 0.516473 0.119035 0.621853 0.938901
13 0.233232 0.421191 0.1548 0.101578 0.841929
0 0.201999 0.406964 0.0373787 0.199914 0.839634
0 0.242083 0.409849 0.0482322 0.212116 0.832023
0 0.0728093 0.391303 0.0369262 0.183517 0.800738
0 0.0142041 0.393064 0.0284018 0.16669 0.800219
0 0.402711 0.39087 0.0351833 0.062036 0.670012
0 0.123376 0.387438 0.0355846 0.176048 0.599015
41 0.59621 0.284832 0.025371 0.0379023 0.408164
0 0.0346216 0.394758 0.0193279 0.161692 0.291303
