0 0.909222 0.52644 0.153262 0.716551 0.918032
0 0.292943 0.415257 0.0447276 0.222743 0.855237
0 0.241996 0.415277 0.0481421 0.207264 0.830249
0 0.0713468 0.388638 0.0342344 0.179093 0.795164
0 0.0153809 0.394692 0.030718 0.160804 0.777298
0 0.208122 0.348223 0.0241923 0.0579215 0.749547
13 0.192344 0.421449 0.0645552 0.0924398 0.728102
0 0.154735 0.382944 0.0318065 0.187949 0.716834
0 0.402031 0.3912 0.0357973 0.0598324 0.665105
41 0.908858 0.261935 0.0278124 0.0475246 0.597535
0 0.395298 0.364643 0.014892 0.0665827 0.574061
13 0.215799 0.421646 0.112395 0.093918 0.357116
