0 0.518846 0.511086 0.111481 0.510514 0.919196
0 0.347735 0.492423 0.105746 0.555049 0.916917
13 0.269173 0.422087 0.0749741 0.0943787 0.819215
0 0.218682 0.405805 0.0433778 0.206494 0.775393
0 0.0878645 0.384737 0.0382894 0.173478 0.7716
0 0.0277411 0.392824 0.0294 0.162519 0.639833
0 0.123914 0.381982 0.0317927 0.175338 0.639154
0 0.1852 0.403723 0.0384187 0.195311 0.566649
0 0.404731 0.390275 0.0310752 0.0608836 0.525412
0 0.286839 0.353522 0.0231749 0.05128 0.487754
13 0.230671 0.420869 0.15145 0.0982652 0.478844
35 0.510698 0.410376 0.0280289 0.0382767 0.393126
