0 0.503503 0.505391 0.10127 0.510441 0.927021
0 0.332835 0.487584 0.112748 0.559779 0.914416
13 0.265827 0.421877 0.0714954 0.0947076 0.843533
0 0.218222 0.408206 0.04359 0.203393 0.828633
0 0.0884148 0.385776 0.0383538 0.175475 0.809064
0 0.0271224 0.3919 0.0296813 0.164866 0.739277
0 0.186179 0.405497 0.0327056 0.189545 0.721271
0 0.123761 0.380726 0.0332253 0.174372 0.63353
0 0.405117 0.390637 0.0304882 0.0616679 0.582387
0 0.0616938 0.379665 0.0154272 0.135091 0.393281
13 0.22809 0.42138 0.146684 0.0975768 0.379558
35 0.500363 0.401563 0.0271622 0.0422926 0.261892
