0 0.570402 0.513155 0.12859 0.544668 0.933245
0 0.0421526 0.45137 0.0841365 0.450209 0.930025
0 0.462067 0.51046 0.116169 0.556077 0.929092
0 0.198162 0.466382 0.0853301 0.409303 0.913313
0 0.908858 0.40597 0.0868107 0.391186 0.900002
13 0.269706 0.415706 0.069432 0.0959169 0.848519
0 0.351039 0.375404 0.0225431 0.0903437 0.658652
0 0.0868083 0.380351 0.0334401 0.18247 0.647067
0 0.133159 0.387647 0.0379714 0.182795 0.546607
0 0.394431 0.383444 0.0253719 0.0616991 0.326054
0 0.116874 0.374961 0.0276272 0.169906 0.323809
