0 0.616677 0.52869 0.115021 0.550402 0.939913
0 0.485074 0.514448 0.0995676 0.576767 0.925775
0 0.0620288 0.457193 0.090354 0.46099 0.912304
0 0.962054 0.420921 0.0746719 0.401247 0.881483
0 0.235013 0.475973 0.0893835 0.40881 0.836374
13 0.233751 0.418044 0.148176 0.0971369 0.786237
0 0.348689 0.379142 0.0223603 0.0802301 0.724256
0 0.113712 0.392769 0.0334346 0.177971 0.664887
0 0.152205 0.394297 0.0349686 0.182474 0.632959
0 0.400468 0.388668 0.0300157 0.0579318 0.397157
0 0.394042 0.363465 0.0208066 0.0738159 0.327096
0 0.12978 0.376543 0.024691 0.171624 0.278265
