0 0.646108 0.526338 0.110225 0.563713 0.925325
0 0.516119 0.526421 0.112679 0.571794 0.919163
0 0.0741758 0.464668 0.091473 0.460138 0.907724
0 0.239299 0.478754 0.0918797 0.420164 0.894772
0 0.972185 0.408437 0.0548599 0.39776 0.883918
0 0.347748 0.379173 0.0218773 0.0834593 0.747877
0 0.16059 0.395943 0.0370847 0.182871 0.639735
0 0.12287 0.397879 0.0320873 0.177085 0.494917
13 0.293247 0.418687 0.0324234 0.0991791 0.474966
0 0.393758 0.371119 0.019486 0.0863813 0.313677
13 0.191794 0.405445 0.0314124 0.0669205 0.267085
0 0.13268 0.38695 0.0261312 0.184663 0.257855
