0 0.0799629 0.463295 0.0959802 0.46539 0.923032
0 0.5236 0.525857 0.110031 0.577804 0.921124
0 0.238798 0.476428 0.090783 0.42494 0.898257
0 0.659733 0.527102 0.118658 0.565915 0.87655
0 0.975591 0.414096 0.0480492 0.400052 0.861786
0 0.163643 0.396522 0.0399818 0.183366 0.756952
0 0.34657 0.38122 0.0217826 0.0807867 0.72619
13 0.292368 0.419061 0.0343872 0.100534 0.611777
0 0.125589 0.384175 0.0300628 0.151355 0.603913
0 0.403743 0.388841 0.0277144 0.0621665 0.420609
0 0.394218 0.37012 0.018779 0.0835507 0.318326
