0 0.3174 0.417271 0.0503709 0.229304 0.878172
0 0.25512 0.41364 0.0449089 0.21637 0.875168
0 0.0816149 0.390233 0.0384006 0.191024 0.843863
0 0.0195555 0.393426 0.039111 0.171156 0.836005
0 0.982158 0.489645 0.0348454 0.412189 0.833752
0 0.176298 0.3847 0.0379774 0.187648 0.801561
0 0.201416 0.349602 0.0173365 0.0546966 0.621732
0 0.132578 0.395692 0.0163884 0.077004 0.586468
0 0.395575 0.364159 0.0139179 0.066658 0.556695
13 0.244992 0.422687 0.105824 0.0970659 0.505139
0 0.408635 0.391358 0.0237026 0.0604601 0.480458
13 0.21289 0.422897 0.0421455 0.0951956 0.34562
0 0.582852 0.401336 0.0112457 0.0314058 0.307597
