0 0.838351 0.542457 0.125106 0.585188 0.925684
0 0.65326 0.51945 0.133944 0.636649 0.901243
0 0.207094 0.408243 0.0388705 0.2044 0.861578
0 0.244096 0.410467 0.0426859 0.211113 0.858843
0 0.0730686 0.390104 0.036476 0.177494 0.82166
13 0.230129 0.421036 0.161347 0.101967 0.80901
0 0.121027 0.386125 0.0397874 0.179656 0.778239
0 0.0107088 0.394342 0.0213801 0.166458 0.765819
0 0.401213 0.390807 0.0379748 0.0623754 0.716639
0 0.0330926 0.395215 0.0210462 0.153038 0.617035
41 0.653591 0.281548 0.0241472 0.0403081 0.55991
13 0.284273 0.422461 0.0532627 0.0941112 0.304222
