0 0.491206 0.505081 0.114106 0.601917 0.932793
0 0.674897 0.53071 0.114712 0.549372 0.932305
0 0.0740136 0.385669 0.0385385 0.182382 0.837282
0 0.235086 0.408828 0.0444302 0.210484 0.833534
0 0.0187642 0.396374 0.0327277 0.163875 0.828241
13 0.233305 0.421142 0.154681 0.0995619 0.814763
0 0.207071 0.407032 0.0282732 0.202557 0.800304
0 0.402592 0.390633 0.0350011 0.0623415 0.658214
0 0.262105 0.354633 0.0237887 0.0494773 0.657343
0 0.12543 0.383503 0.0320878 0.18396 0.61058
41 0.483356 0.274318 0.0244614 0.0419754 0.401625
35 0.670963 0.40353 0.0342307 0.0389047 0.259665
