0 0.595441 0.519058 0.106403 0.555903 0.924661
0 0.478587 0.519791 0.110411 0.564117 0.921067
0 0.0549463 0.45826 0.0909305 0.455312 0.91597
0 0.946003 0.41424 0.0773468 0.415542 0.88468
0 0.226302 0.472762 0.0862257 0.414842 0.876625
0 0.349059 0.37808 0.0220635 0.0842431 0.646055
0 0.147592 0.392491 0.0365484 0.181114 0.607006
13 0.230242 0.416851 0.154236 0.0944461 0.565112
0 0.106303 0.390677 0.0338508 0.177398 0.449378
13 0.284119 0.417123 0.0461774 0.0963147 0.410096
0 0.400101 0.388006 0.0288771 0.0600316 0.314125
0 0.392676 0.363558 0.02058 0.077407 0.288858
