0 0.50342 0.505422 0.101191 0.510382 0.926781
0 0.332751 0.487683 0.112894 0.559924 0.913494
13 0.266202 0.421867 0.07068 0.0948044 0.835986
0 0.218212 0.408343 0.0441305 0.203888 0.816128
0 0.088406 0.385792 0.0383272 0.17529 0.812614
0 0.0271265 0.39189 0.0296661 0.164856 0.742356
0 0.186155 0.405445 0.0326043 0.189523 0.71853
0 0.123886 0.380822 0.0329209 0.174334 0.634964
0 0.405139 0.390699 0.03045 0.0614598 0.578969
13 0.228018 0.421605 0.146985 0.0990935 0.443778
0 0.0617132 0.38004 0.0154135 0.135852 0.39901
