0 0.92037 0.548493 0.158609 0.679826 0.942465
0 0.389629 0.486421 0.0952006 0.478719 0.922987
0 0.22825 0.475911 0.10208 0.516828 0.920002
0 0.09603 0.382076 0.0326407 0.171325 0.803547
0 0.135201 0.385661 0.0296163 0.172712 0.790134
0 0.164672 0.400328 0.0349579 0.193395 0.786267
13 0.291457 0.422231 0.0405523 0.0943722 0.742081
0 0.0324665 0.388866 0.022297 0.151042 0.700886
0 0.32157 0.378102 0.0262526 0.0836172 0.676839
0 0.0732178 0.390063 0.0244353 0.159724 0.622304
35 0.388229 0.389854 0.0273934 0.0322172 0.324873
