0 0.831036 0.524436 0.140813 0.685805 0.937617
0 0.962131 0.550022 0.0749424 0.633929 0.920807
0 0.0731739 0.38726 0.0381684 0.185121 0.854189
0 0.225609 0.411321 0.0422924 0.203258 0.838425
0 0.27512 0.413758 0.0445283 0.220343 0.830438
0 0.401854 0.391285 0.0357079 0.058295 0.769454
0 0.0104675 0.397328 0.0209151 0.157362 0.749166
0 0.138684 0.375662 0.0417727 0.200449 0.734152
0 0.0336096 0.392085 0.022036 0.155303 0.68131
13 0.183 0.419819 0.0541741 0.0919839 0.665064
0 0.394815 0.364825 0.015665 0.066931 0.538044
56 0.299461 0.423231 0.0231794 0.0934924 0.459388
0 0.584724 0.402372 0.0089922 0.0380342 0.287411
