0 0.519251 0.507424 0.125738 0.525914 0.939913
0 0.412383 0.502092 0.111878 0.538355 0.924268
0 0.165235 0.468552 0.0793137 0.396202 0.905129
0 0.0247188 0.450742 0.0492686 0.437832 0.903112
13 0.24755 0.417798 0.102916 0.096275 0.89829
0 0.854313 0.411842 0.0707073 0.368493 0.858641
0 0.109072 0.386398 0.0396643 0.187095 0.794889
0 0.0669263 0.387972 0.0353156 0.174149 0.705212
0 0.352952 0.37915 0.0200605 0.0851245 0.703679
0 0.0781016 0.371784 0.0323642 0.166889 0.47189
0 0.120996 0.32317 0.0225991 0.0666645 0.355116
