0 0.902754 0.54728 0.123793 0.606848 0.940358
0 0.735841 0.521137 0.127359 0.662393 0.937873
0 0.213326 0.41141 0.0424182 0.200979 0.857408
0 0.258668 0.413474 0.0459016 0.215708 0.815754
0 0.0706761 0.388207 0.0327065 0.177488 0.806457
0 0.011913 0.395481 0.023826 0.16627 0.786762
0 0.40604 0.391278 0.0276563 0.0598872 0.733823
0 0.0349807 0.394284 0.0201252 0.15987 0.698655
0 0.135376 0.381651 0.0375701 0.186681 0.564519
0 0.395243 0.367551 0.0153303 0.0734401 0.52585
13 0.292016 0.422874 0.0379662 0.0924184 0.506778
13 0.231396 0.419773 0.160326 0.0956802 0.493737
13 0.176355 0.42045 0.0480337 0.0951599 0.335103
13 0.274173 0.422701 0.0739139 0.0933685 0.276284
0 0.584442 0.400957 0.00868988 0.0333856 0.264919
