0 0.491481 0.506275 0.101542 0.508868 0.931903
0 0.3233 0.492897 0.106236 0.546674 0.926193
0 0.212784 0.406204 0.0425946 0.206306 0.804168
0 0.0891445 0.384933 0.0349757 0.172824 0.792224
0 0.123718 0.381697 0.030196 0.172361 0.715984
0 0.0281554 0.391807 0.0298165 0.164036 0.696612
0 0.402587 0.391029 0.0348577 0.0613647 0.495443
0 0.181622 0.401609 0.0366038 0.191826 0.487345
0 0.0626105 0.37952 0.0180001 0.136715 0.470813
13 0.258184 0.422076 0.0568857 0.0931298 0.451065
35 0.482662 0.404188 0.0265818 0.0362554 0.444564
13 0.221254 0.424176 0.130155 0.100023 0.437061
