0 0.656728 0.525937 0.118601 0.544488 0.935755
0 0.474012 0.503302 0.113033 0.595095 0.92288
0 0.0815285 0.387973 0.040899 0.178588 0.847129
13 0.233481 0.421512 0.154747 0.0986749 0.814233
0 0.231836 0.409171 0.0434855 0.209331 0.813255
0 0.0223775 0.391636 0.0313125 0.165489 0.804389
0 0.263227 0.353836 0.0264292 0.0512862 0.777096
0 0.207122 0.406079 0.0268174 0.197243 0.742034
0 0.127023 0.384722 0.0288575 0.180635 0.719909
0 0.402646 0.390492 0.0323943 0.0631887 0.464898
35 0.650753 0.406764 0.0342454 0.0415461 0.370208
