0 0.543993 0.52259 0.122322 0.590093 0.939173
0 0.701235 0.530602 0.141299 0.574686 0.937247
0 0.0886571 0.465054 0.090142 0.465736 0.908323
0 0.240724 0.478204 0.0854682 0.42718 0.901189
0 0.341912 0.37761 0.0228954 0.0824429 0.744553
0 0.169397 0.398665 0.0333774 0.176779 0.688709
0 0.133882 0.393924 0.0268748 0.168415 0.554175
0 0.987402 0.424529 0.0244268 0.259311 0.513522
13 0.291618 0.420274 0.036658 0.101806 0.506806
0 0.403288 0.390107 0.0299058 0.0624717 0.299495
0 0.394685 0.368653 0.0186101 0.0785558 0.282431
