0 0.606539 0.531166 0.130351 0.602651 0.926375
0 0.123207 0.468568 0.0933648 0.46983 0.912806
0 0.739661 0.5381 0.109664 0.58921 0.910059
0 0.253262 0.482827 0.0842353 0.434142 0.909392
0 0.18057 0.401612 0.0327313 0.183347 0.747826
0 0.338218 0.379893 0.0232948 0.0805905 0.701161
0 0.4036 0.389667 0.0306629 0.0623906 0.663183
56 0.294543 0.421513 0.0300259 0.100601 0.554103
0 0.0725916 0.386879 0.0343465 0.150639 0.51548
0 0.511338 0.397784 0.0132887 0.0431865 0.3258
13 0.207236 0.423332 0.0345022 0.097868 0.292253
