0 0.845003 0.529625 0.136549 0.687185 0.940445
0 0.968665 0.553751 0.0618694 0.627102 0.910363
0 0.278919 0.413152 0.0472445 0.224834 0.864035
0 0.227183 0.412441 0.0420262 0.203979 0.863508
0 0.0729346 0.389261 0.0377708 0.182058 0.846638
0 0.0115217 0.397573 0.0230353 0.159871 0.812199
0 0.401836 0.391275 0.0358327 0.0585387 0.773083
13 0.183755 0.420611 0.0546528 0.0926453 0.710025
0 0.0350573 0.394318 0.0191015 0.155268 0.700288
0 0.139167 0.37577 0.0414051 0.200316 0.666072
0 0.394849 0.364736 0.0155583 0.0667949 0.519591
35 0.990685 0.408736 0.0179298 0.0485904 0.281002
0 0.584687 0.402491 0.0091527 0.0380701 0.254388
