0 0.496787 0.503944 0.102904 0.511937 0.928373
0 0.327373 0.488858 0.104035 0.555674 0.922154
0 0.0878875 0.384609 0.038716 0.173671 0.840693
0 0.213422 0.40782 0.0441528 0.203131 0.748559
0 0.0276323 0.391292 0.0306232 0.165106 0.735481
13 0.261672 0.421732 0.0614508 0.0948537 0.734588
0 0.12353 0.380975 0.030414 0.170477 0.701332
0 0.182877 0.402777 0.0359531 0.195823 0.612091
0 0.404943 0.390799 0.0308144 0.0611193 0.547666
0 0.0614601 0.378394 0.0152844 0.134951 0.332727
56 0.166548 0.422033 0.0218197 0.0947213 0.256491
