0 0.726493 0.535136 0.133871 0.556991 0.933417
0 0.529696 0.509597 0.127493 0.608802 0.926422
0 0.234584 0.40926 0.038457 0.207781 0.84214
0 0.0737834 0.389662 0.0379496 0.181232 0.834142
0 0.205759 0.406981 0.0300789 0.203373 0.805485
0 0.0144376 0.392646 0.0288751 0.164793 0.79843
13 0.233033 0.421301 0.153802 0.100132 0.710678
0 0.126071 0.386773 0.029942 0.174656 0.644704
0 0.258537 0.354488 0.0193655 0.0490728 0.625246
0 0.403009 0.39071 0.0352243 0.0614591 0.625106
13 0.279633 0.422329 0.0623971 0.0938692 0.563702
41 0.53383 0.283776 0.0235476 0.0415075 0.488627
