0 0.900375 0.529598 0.145601 0.710196 0.922051
0 0.239173 0.415309 0.0441631 0.20698 0.846069
0 0.292324 0.415295 0.0448526 0.222433 0.841156
0 0.0714533 0.389012 0.0337459 0.179943 0.807632
0 0.0149792 0.394253 0.0299227 0.16133 0.796406
0 0.208461 0.348701 0.0235827 0.0570367 0.761856
13 0.192343 0.421436 0.0646154 0.092175 0.761623
0 0.40189 0.391246 0.0360125 0.0590616 0.742788
0 0.15459 0.380426 0.0300206 0.190742 0.652243
0 0.395274 0.364763 0.0147618 0.0666185 0.62659
41 0.902049 0.259106 0.0267376 0.0463395 0.486262
13 0.216138 0.421644 0.113046 0.0936136 0.344391
