0 0.627443 0.527246 0.0926904 0.559153 0.943208
0 0.501311 0.519257 0.114206 0.577799 0.92443
0 0.0670198 0.460651 0.0879124 0.4602 0.899563
0 0.96783 0.420428 0.0635593 0.404749 0.885279
0 0.237231 0.478507 0.0911681 0.412503 0.852592
0 0.157019 0.398096 0.0359945 0.177309 0.734495
0 0.348404 0.377331 0.0213838 0.0827783 0.731051
0 0.118139 0.393167 0.0332038 0.179173 0.68049
13 0.236643 0.419289 0.143319 0.0960564 0.676475
0 0.40132 0.389023 0.0293442 0.0578974 0.385116
0 0.394166 0.365678 0.0202482 0.0774931 0.341588
0 0.131174 0.3797 0.0250944 0.176513 0.253799
