0 0.574866 0.516013 0.128184 0.543859 0.944631
0 0.46789 0.508917 0.114406 0.560832 0.937671
0 0.0429854 0.449899 0.0858866 0.451616 0.926473
0 0.199686 0.465576 0.0835509 0.411193 0.907616
0 0.913105 0.409656 0.0869474 0.389754 0.906656
13 0.270676 0.416074 0.0689872 0.0956611 0.854173
0 0.0880873 0.380545 0.032586 0.184707 0.714342
0 0.135883 0.388066 0.0375237 0.188052 0.642172
0 0.350745 0.376949 0.0208445 0.0852891 0.622666
0 0.119128 0.37293 0.0271829 0.164935 0.409362
0 0.396412 0.382755 0.0261251 0.0639057 0.336225
