0 0.322071 0.492826 0.106366 0.544667 0.928485
0 0.489572 0.506392 0.100798 0.507122 0.927334
0 0.0900423 0.385374 0.0332452 0.171672 0.792854
0 0.212745 0.405563 0.0419108 0.205556 0.789839
0 0.123669 0.381624 0.0298734 0.17242 0.730852
0 0.0288823 0.392308 0.0284706 0.163178 0.7262
0 0.182414 0.40084 0.0349727 0.193298 0.632091
0 0.0624084 0.380572 0.0174808 0.137058 0.548481
0 0.402521 0.39103 0.034999 0.0613419 0.513283
35 0.480613 0.404342 0.0274347 0.0363142 0.479238
13 0.256332 0.422274 0.0553477 0.0940208 0.469952
13 0.21978 0.424978 0.128258 0.100919 0.432989
