0 0.62737 0.527274 0.0927059 0.559121 0.941854
0 0.501269 0.519192 0.114129 0.577751 0.924306
0 0.0669853 0.460664 0.0877909 0.460199 0.902206
0 0.967827 0.419501 0.0635643 0.402913 0.883985
0 0.236468 0.478357 0.091405 0.412426 0.850834
0 0.156635 0.397757 0.0362703 0.176636 0.746703
0 0.348382 0.377276 0.0213533 0.0826034 0.730401
0 0.118163 0.393448 0.0331887 0.179029 0.687329
13 0.235689 0.419296 0.145084 0.0961456 0.659222
0 0.40126 0.389163 0.0293482 0.0578412 0.381528
0 0.394258 0.365341 0.0204231 0.0768016 0.337774
0 0.131163 0.37913 0.0250349 0.175576 0.251107
