0 0.864068 0.533195 0.137673 0.691346 0.935099
0 0.978772 0.560711 0.0416706 0.610657 0.890528
0 0.230682 0.412441 0.0437109 0.209546 0.850074
0 0.012179 0.395084 0.0243318 0.165308 0.829619
0 0.0718883 0.389731 0.0356598 0.181998 0.827517
0 0.282481 0.414594 0.0453871 0.222565 0.814963
0 0.401979 0.391606 0.0355989 0.0579302 0.753058
13 0.188537 0.421137 0.0574059 0.093327 0.724661
0 0.144293 0.373157 0.035624 0.202142 0.705655
0 0.0358831 0.392492 0.0189947 0.15753 0.654398
0 0.395131 0.364663 0.0150369 0.0664625 0.587167
0 0.21111 0.348471 0.0153537 0.0551347 0.437286
