0 0.498422 0.50303 0.104366 0.513337 0.931899
0 0.327879 0.488816 0.103455 0.555198 0.92195
0 0.0879022 0.38467 0.0395594 0.175251 0.834014
0 0.214928 0.408216 0.0449547 0.201149 0.786785
0 0.0274757 0.391147 0.0303398 0.165048 0.715456
13 0.262246 0.42161 0.0631574 0.0948495 0.70702
0 0.183959 0.407408 0.0353506 0.184151 0.697774
0 0.123487 0.381475 0.0316533 0.17147 0.693143
0 0.404943 0.390703 0.0308582 0.0610518 0.565795
13 0.224125 0.421983 0.138715 0.098258 0.31738
0 0.0612242 0.379826 0.0148462 0.137538 0.289551
