0 0.876554 0.526766 0.135797 0.706761 0.93199
0 0.288267 0.414521 0.0445239 0.219725 0.868995
0 0.2379 0.413896 0.0458523 0.210838 0.861206
0 0.0714033 0.386818 0.0340526 0.183156 0.829559
13 0.191006 0.42126 0.0625408 0.0928735 0.801774
0 0.0140639 0.392662 0.0280922 0.163523 0.800993
0 0.401948 0.391532 0.035803 0.0581596 0.74168
0 0.209994 0.35042 0.018882 0.053515 0.705981
0 0.99005 0.499938 0.0190811 0.357972 0.648017
0 0.395241 0.364871 0.0149586 0.0668521 0.599565
0 0.15075 0.372133 0.0342022 0.206103 0.545156
0 0.035833 0.392603 0.0180707 0.160609 0.518248
41 0.879207 0.256723 0.028278 0.0476991 0.511108
