0 0.63034 0.526663 0.0888584 0.560671 0.950185
0 0.511241 0.522794 0.117754 0.572256 0.914789
0 0.0702704 0.461691 0.0890276 0.458872 0.90499
0 0.238899 0.479059 0.0916845 0.41692 0.87963
0 0.970806 0.408984 0.057596 0.390623 0.86335
0 0.159576 0.398285 0.0366969 0.17835 0.767737
0 0.348142 0.376631 0.0216186 0.0844021 0.736126
0 0.120589 0.391972 0.0327104 0.18511 0.639836
13 0.238638 0.419717 0.139472 0.0946535 0.503058
13 0.293014 0.420285 0.0318354 0.0956315 0.377864
0 0.394065 0.366602 0.0203297 0.0787501 0.373695
0 0.401871 0.388465 0.0284887 0.0594067 0.363461
13 0.190379 0.404981 0.032854 0.0656153 0.266077
