0 0.757062 0.530098 0.112198 0.57135 0.941299
0 0.564872 0.508286 0.123473 0.617191 0.931853
0 0.0766334 0.387377 0.0391998 0.182467 0.839823
13 0.233266 0.420669 0.15469 0.100994 0.825127
0 0.236056 0.407285 0.0419193 0.211169 0.822117
0 0.204639 0.408475 0.0306736 0.199018 0.803167
0 0.0157341 0.395232 0.0313271 0.163156 0.800892
0 0.126364 0.386464 0.0294525 0.175786 0.688237
0 0.402924 0.390717 0.0352048 0.0617986 0.670238
0 0.256679 0.353475 0.0171342 0.0540642 0.41112
41 0.560954 0.275716 0.0233811 0.0413687 0.394514
