0 0.740888 0.536628 0.102275 0.590773 0.937536
0 0.610232 0.533422 0.132641 0.599006 0.9313
0 0.124857 0.470493 0.0930002 0.469442 0.921833
0 0.253659 0.483118 0.084091 0.432295 0.908405
0 0.338152 0.380839 0.0229525 0.0828703 0.687317
56 0.293885 0.421718 0.0305652 0.0976227 0.66371
0 0.404078 0.389414 0.0302796 0.0598306 0.633236
0 0.182698 0.400411 0.0339681 0.186318 0.605254
0 0.0682978 0.384864 0.024189 0.14694 0.594285
0 0.395339 0.368398 0.0163112 0.078357 0.408022
13 0.209557 0.422856 0.0304001 0.0953947 0.370351
