0 0.612634 0.525997 0.121827 0.551623 0.926406
0 0.481686 0.516104 0.101001 0.571961 0.924883
0 0.0608654 0.457815 0.0940899 0.459165 0.910682
0 0.23164 0.472747 0.0888723 0.413247 0.886976
0 0.955144 0.419253 0.0781656 0.410503 0.855899
0 0.110222 0.390623 0.0342851 0.179484 0.725572
13 0.230824 0.41667 0.152406 0.0955924 0.724796
0 0.348503 0.379827 0.0217917 0.0797522 0.722726
0 0.15023 0.395188 0.0340453 0.18681 0.686096
0 0.40026 0.388903 0.029162 0.0580336 0.360482
0 0.393863 0.362441 0.0210752 0.0723134 0.348694
13 0.180042 0.403778 0.0414069 0.0665331 0.278887
