0 0.518607 0.508596 0.128375 0.523301 0.942138
0 0.411554 0.503109 0.111459 0.536672 0.925314
0 0.16322 0.467989 0.081582 0.398169 0.911697
0 0.024482 0.449996 0.0487979 0.438882 0.909553
13 0.247182 0.418164 0.104707 0.0965178 0.893395
0 0.852194 0.415444 0.0721012 0.381006 0.859037
0 0.107769 0.387083 0.0392088 0.184238 0.767321
0 0.353412 0.379038 0.0199932 0.0857285 0.747019
0 0.0658021 0.389449 0.0355788 0.174417 0.732508
0 0.0770576 0.372669 0.0320094 0.168315 0.566875
0 0.12096 0.323919 0.0216433 0.0681315 0.459739
