0 0.317506 0.417271 0.0501235 0.229319 0.877481
0 0.255273 0.413781 0.0454042 0.216609 0.874653
0 0.0816264 0.390241 0.0384248 0.191143 0.845043
0 0.982139 0.490802 0.0348902 0.409916 0.83965
0 0.0195656 0.393413 0.0391312 0.171179 0.835662
0 0.176289 0.384707 0.0379728 0.187619 0.801329
0 0.201416 0.349627 0.0173332 0.0546545 0.622862
0 0.132455 0.395498 0.0167017 0.0769411 0.562921
0 0.395571 0.364161 0.0138976 0.066659 0.546184
13 0.245042 0.422671 0.105751 0.0972061 0.524451
0 0.408643 0.391342 0.023669 0.0603838 0.47869
0 0.5829 0.401463 0.0111505 0.0308046 0.354199
13 0.212875 0.422907 0.0420616 0.0951847 0.333949
