0 0.312946 0.489106 0.104856 0.546618 0.92347
0 0.481468 0.498876 0.0999949 0.506787 0.923165
0 0.212709 0.406965 0.0414826 0.203366 0.791326
0 0.0921889 0.386797 0.0311146 0.174236 0.789427
0 0.0297783 0.39184 0.0264055 0.158322 0.736134
0 0.124918 0.381501 0.0296299 0.174812 0.700852
13 0.251553 0.423352 0.0482757 0.0939156 0.679693
0 0.180745 0.403999 0.0358061 0.190678 0.617515
35 0.473389 0.397031 0.0275623 0.0382911 0.527857
0 0.0630835 0.381798 0.0177291 0.134952 0.520954
0 0.403131 0.390728 0.0340431 0.061434 0.480213
