0 0.3519 0.49291 0.10605 0.554296 0.927636
0 0.520039 0.511979 0.109412 0.509694 0.920209
0 0.0886134 0.384604 0.0366817 0.173258 0.778423
13 0.269876 0.422172 0.0763053 0.0940084 0.767795
0 0.218854 0.405723 0.0433198 0.206216 0.746297
0 0.0282864 0.393112 0.0287835 0.162501 0.658608
0 0.123632 0.381999 0.0321391 0.174889 0.654445
0 0.286916 0.353676 0.0240709 0.0512221 0.599554
13 0.231416 0.42161 0.152757 0.0991524 0.564845
0 0.187216 0.404038 0.0350245 0.1949 0.559343
0 0.405558 0.38983 0.0299846 0.0609801 0.490412
35 0.514844 0.412492 0.0296193 0.0356856 0.319724
0 0.0617125 0.379862 0.0159883 0.131537 0.269464
