0 0.935194 0.551258 0.128901 0.614643 0.924388
0 0.769845 0.52378 0.147506 0.669569 0.904147
0 0.219758 0.410655 0.0437468 0.203319 0.836543
0 0.264299 0.412692 0.0430146 0.218423 0.823129
0 0.070294 0.391273 0.0324731 0.178427 0.822915
13 0.23278 0.421557 0.156363 0.0988839 0.761474
0 0.133691 0.380129 0.0423034 0.188352 0.741663
0 0.00798275 0.400138 0.015956 0.155511 0.66546
0 0.40582 0.391039 0.0274171 0.0591035 0.647173
0 0.0338993 0.395167 0.0214961 0.151735 0.646006
0 0.394861 0.365443 0.0156952 0.0687728 0.489328
13 0.295626 0.423292 0.0306784 0.0928945 0.403834
0 0.584439 0.400865 0.00880356 0.0337715 0.308371
35 0.979323 0.829128 0.0405148 0.0549489 0.285351
