0 0.801148 0.539061 0.119033 0.576011 0.937781
0 0.607917 0.514072 0.11697 0.629905 0.934425
0 0.202883 0.408567 0.038706 0.198304 0.851825
0 0.242463 0.410141 0.0475634 0.213074 0.844177
0 0.0729242 0.390256 0.0367122 0.183472 0.821285
13 0.23159 0.4213 0.158016 0.101342 0.809112
0 0.0139076 0.394263 0.0277893 0.165138 0.768654
0 0.402712 0.390931 0.0351834 0.0620614 0.671841
0 0.123961 0.385896 0.034482 0.177626 0.612272
41 0.602494 0.278704 0.0244337 0.038303 0.494787
0 0.0342789 0.389842 0.0203209 0.155358 0.255563
