0 0.353893 0.494912 0.104708 0.558293 0.92564
0 0.52074 0.512947 0.105006 0.50792 0.911718
13 0.270074 0.422234 0.0759805 0.0935457 0.823789
0 0.219066 0.406429 0.0429297 0.207408 0.809975
0 0.0881709 0.384615 0.0374356 0.174714 0.782806
0 0.286396 0.354457 0.0243519 0.0488864 0.714289
0 0.0289291 0.393496 0.0285379 0.162615 0.700688
0 0.123242 0.382055 0.0327249 0.173609 0.666487
0 0.187434 0.404788 0.0339292 0.193521 0.630445
13 0.231607 0.421307 0.152573 0.0972688 0.49702
0 0.40802 0.390834 0.0246321 0.060098 0.480592
