0 0.947151 0.555313 0.104902 0.622551 0.938749
0 0.799797 0.527887 0.131182 0.67632 0.932802
0 0.0726469 0.388389 0.0373054 0.184162 0.846234
0 0.268484 0.417608 0.042582 0.218112 0.828679
0 0.223309 0.411069 0.0445519 0.203753 0.80047
0 0.402028 0.391086 0.035269 0.0590696 0.734705
0 0.00706103 0.394477 0.0141215 0.154282 0.668849
0 0.133742 0.376665 0.0392313 0.195759 0.660632
56 0.298257 0.423219 0.0250042 0.0926821 0.637496
0 0.0303572 0.39338 0.0287902 0.15527 0.591942
13 0.181175 0.421146 0.0513227 0.0919903 0.497906
0 0.394684 0.365086 0.0157866 0.0675716 0.476626
13 0.233745 0.422566 0.155042 0.0969749 0.463956
