0 0.932022 0.549992 0.13545 0.636108 0.931116
0 0.188813 0.473497 0.097637 0.498185 0.923811
0 0.805755 0.546979 0.157808 0.645225 0.907062
0 0.337422 0.486959 0.0990466 0.457269 0.904252
13 0.267107 0.422323 0.0664423 0.0943867 0.845382
0 0.101876 0.384133 0.0374229 0.165577 0.843716
0 0.404146 0.389283 0.0305405 0.0610021 0.685612
0 0.137561 0.381869 0.0265587 0.172914 0.619202
0 0.0782223 0.386677 0.0230113 0.152239 0.555806
0 0.0491991 0.377208 0.0536141 0.139257 0.385384
35 0.890231 0.52661 0.0335518 0.0798023 0.380461
