0 0.87162 0.531334 0.133078 0.696529 0.9359
0 0.284837 0.41519 0.0470853 0.219211 0.858341
0 0.233085 0.412401 0.0434094 0.212146 0.844986
0 0.0711788 0.388932 0.0338363 0.180616 0.82922
0 0.013381 0.39417 0.026748 0.166158 0.808263
0 0.983885 0.582485 0.0314121 0.563392 0.771731
0 0.401995 0.391592 0.0355538 0.0579291 0.757122
13 0.189537 0.421537 0.061339 0.0933757 0.742963
0 0.146722 0.370873 0.0359299 0.206985 0.728325
0 0.0349767 0.392965 0.0201301 0.1589 0.622866
0 0.395175 0.364791 0.0149389 0.0666073 0.600313
0 0.211291 0.34914 0.0176136 0.0557433 0.531172
