0 0.737291 0.519425 0.128322 0.668031 0.935445
0 0.904045 0.545689 0.121062 0.614147 0.933514
0 0.214519 0.409876 0.0418685 0.202492 0.856792
0 0.0697011 0.390545 0.0314279 0.182997 0.818234
0 0.0123362 0.396618 0.0246724 0.163908 0.80482
0 0.2605 0.414373 0.0401109 0.21407 0.798737
0 0.0352154 0.393414 0.0201458 0.160406 0.713018
0 0.405143 0.391128 0.0293517 0.0591144 0.702045
0 0.136067 0.38194 0.0380749 0.187637 0.6496
13 0.292397 0.422673 0.0372047 0.0928255 0.602226
0 0.39481 0.365901 0.0159038 0.0703584 0.53533
13 0.231969 0.421775 0.157383 0.0990941 0.418574
13 0.177886 0.42139 0.0484116 0.0928526 0.398318
0 0.235075 0.352055 0.017679 0.0591558 0.308859
