0 0.874634 0.540652 0.127243 0.597411 0.941861
0 0.698018 0.514875 0.130113 0.649088 0.938111
0 0.208006 0.41045 0.0408128 0.20276 0.865822
0 0.251625 0.414897 0.0458426 0.210984 0.865639
0 0.073598 0.389457 0.0385525 0.180097 0.839611
0 0.0114939 0.39651 0.022945 0.15746 0.756784
13 0.230988 0.420752 0.159184 0.100096 0.718848
0 0.0338436 0.395817 0.0207481 0.15673 0.689609
0 0.129037 0.383662 0.0318771 0.181204 0.608265
0 0.403279 0.390586 0.0333534 0.0617004 0.580169
13 0.290253 0.422584 0.0416765 0.0933628 0.300924
0 0.584803 0.400839 0.0081131 0.0335702 0.263896
