0 0.486077 0.503718 0.0985758 0.505987 0.923497
0 0.317406 0.491267 0.105581 0.543723 0.919983
0 0.0913951 0.386022 0.0308526 0.172534 0.785208
0 0.212447 0.404636 0.0408904 0.204641 0.763003
0 0.02951 0.393302 0.0272839 0.161755 0.735284
0 0.123581 0.379643 0.030196 0.170053 0.715464
13 0.252383 0.423491 0.0528303 0.0932193 0.69188
0 0.181447 0.401303 0.0353008 0.194202 0.59059
0 0.403396 0.390958 0.0331761 0.0613659 0.502953
0 0.0625202 0.382129 0.0172994 0.136633 0.49317
35 0.47765 0.400809 0.027886 0.036338 0.462082
13 0.216796 0.423755 0.124273 0.0957404 0.321412
