0 0.519246 0.507344 0.125699 0.525948 0.940277
0 0.412424 0.502306 0.112576 0.539216 0.924168
0 0.165308 0.468656 0.0794614 0.396034 0.904875
0 0.0247186 0.450687 0.0492674 0.437926 0.903303
13 0.247692 0.417822 0.102833 0.096194 0.90271
0 0.85434 0.414854 0.0706787 0.374606 0.85588
0 0.109041 0.386457 0.0396801 0.186982 0.799378
0 0.0669304 0.387657 0.0353271 0.17477 0.711645
0 0.352928 0.37915 0.0200959 0.0852068 0.704305
0 0.0782441 0.371768 0.0320683 0.166944 0.47267
0 0.121112 0.323152 0.0223838 0.0666765 0.363108
