0 0.952685 0.534944 0.0938503 0.716063 0.932414
0 0.0785723 0.389157 0.041747 0.182444 0.863386
0 0.248147 0.413496 0.0418129 0.219274 0.860519
0 0.313949 0.418216 0.0532805 0.230798 0.842034
0 0.165292 0.382104 0.0406999 0.187834 0.80315
0 0.0139092 0.397697 0.0277976 0.162923 0.799638
13 0.206406 0.421504 0.0526975 0.0927575 0.749307
0 0.204898 0.346408 0.0202956 0.0604192 0.673199
0 0.13453 0.394592 0.0188311 0.0838754 0.629308
0 0.406408 0.391397 0.0267435 0.0591877 0.628775
0 0.395203 0.364597 0.0150727 0.0668151 0.521753
0 0.204684 0.372769 0.0213344 0.110273 0.313914
