0 0.898593 0.55079 0.127807 0.597229 0.942317
0 0.726421 0.524507 0.130014 0.6523 0.939153
0 0.210802 0.41169 0.0423834 0.201362 0.858667
0 0.254791 0.409978 0.0469042 0.21839 0.827866
0 0.0713824 0.3904 0.0347233 0.180253 0.815343
0 0.0113289 0.395076 0.0226395 0.167316 0.793237
0 0.40652 0.391335 0.026907 0.06009 0.715689
0 0.0341142 0.396854 0.0196803 0.157256 0.682028
0 0.133849 0.382302 0.0337876 0.185971 0.641481
13 0.291927 0.422751 0.0382578 0.0928148 0.617172
41 0.718237 0.279787 0.027249 0.0419481 0.532306
0 0.395303 0.369996 0.0155968 0.0790605 0.490715
13 0.230973 0.42081 0.16127 0.0979151 0.417983
13 0.174222 0.419758 0.0458354 0.0948636 0.395307
0 0.584445 0.400922 0.00861835 0.0332859 0.262603
