0 0.965785 0.540779 0.0676075 0.69961 0.901936
0 0.254521 0.413541 0.0447767 0.218979 0.87561
0 0.0799454 0.391699 0.0404888 0.185028 0.868503
0 0.172434 0.384986 0.0422169 0.185999 0.868021
0 0.318148 0.418868 0.0499958 0.226079 0.84498
0 0.0181285 0.395723 0.036257 0.166765 0.830458
13 0.20995 0.423031 0.0513534 0.0980789 0.663342
0 0.203384 0.34899 0.019595 0.0551642 0.648815
0 0.404492 0.391512 0.0303183 0.0588704 0.629798
0 0.132876 0.393734 0.0156054 0.0762714 0.612391
0 0.395322 0.364689 0.0150388 0.0667586 0.555844
13 0.243627 0.423519 0.115277 0.0981976 0.502595
