0 0.862967 0.544807 0.131676 0.665118 0.922511
0 0.365734 0.48519 0.0972854 0.466572 0.919635
0 0.95732 0.551739 0.084499 0.63653 0.918904
0 0.212496 0.474362 0.100801 0.502728 0.888924
13 0.284296 0.423225 0.0525602 0.0933728 0.855147
0 0.101875 0.382619 0.034599 0.169481 0.835835
0 0.0752727 0.390513 0.0253899 0.156475 0.733529
0 0.159018 0.398696 0.0309308 0.189391 0.694026
0 0.135393 0.380019 0.0299824 0.163557 0.683623
0 0.0318541 0.386368 0.0237933 0.152214 0.630197
0 0.409803 0.386191 0.0191169 0.0512634 0.414089
