0 0.737299 0.519249 0.128492 0.667754 0.934768
0 0.904117 0.545811 0.121254 0.614207 0.933619
0 0.214741 0.409424 0.0412885 0.20333 0.855299
0 0.0696937 0.390659 0.0313991 0.183041 0.81826
0 0.260347 0.414891 0.0397628 0.213037 0.795751
0 0.0123361 0.396724 0.0246722 0.163933 0.794821
0 0.405182 0.39118 0.0293199 0.0593202 0.693686
0 0.0347323 0.393565 0.0204296 0.160377 0.692399
0 0.135226 0.38114 0.0382788 0.189131 0.6552
13 0.292374 0.422652 0.0372008 0.0928865 0.60455
0 0.394849 0.365778 0.0157756 0.0701962 0.53485
13 0.232027 0.421673 0.15721 0.0986931 0.428682
13 0.178002 0.421434 0.0482546 0.0926946 0.364739
0 0.235095 0.351701 0.0175502 0.0587251 0.307567
0 0.584435 0.400948 0.00865326 0.0333497 0.271152
0 0.235129 0.398503 0.0182306 0.155625 0.250096
