0 0.804274 0.536966 0.117991 0.613523 0.941298
0 0.689395 0.534481 0.120752 0.621859 0.932225
0 0.280402 0.484799 0.0821611 0.442991 0.907257
0 0.159228 0.477949 0.0961363 0.470129 0.905078
0 0.333629 0.381235 0.0274085 0.0796436 0.776662
0 0.404177 0.389244 0.030465 0.0614894 0.708817
0 0.106072 0.378211 0.0242944 0.170087 0.680503
0 0.0674939 0.387775 0.0253594 0.149035 0.657299
35 0.290408 0.389819 0.0391533 0.0359686 0.638838
0 0.0895664 0.387189 0.0208375 0.154232 0.629103
13 0.228092 0.42337 0.0493563 0.0982339 0.586636
