0 0.583636 0.517671 0.117562 0.552044 0.941262
0 0.471513 0.507744 0.120462 0.566218 0.939936
0 0.0420496 0.453539 0.0840154 0.453806 0.93003
0 0.926097 0.408651 0.0902931 0.381618 0.909968
0 0.207727 0.471879 0.0846362 0.408156 0.890497
13 0.273413 0.417212 0.0638481 0.0949173 0.809149
0 0.14273 0.392142 0.0403917 0.180534 0.73223
0 0.0962855 0.383086 0.0392779 0.185486 0.669801
0 0.349945 0.376709 0.0216999 0.0869325 0.625391
0 0.122821 0.376018 0.0291985 0.170155 0.56627
0 0.398128 0.386807 0.0290968 0.061948 0.362871
0 0.390459 0.359325 0.017656 0.0694165 0.251888
