0 0.488073 0.505013 0.101335 0.505914 0.928747
0 0.319491 0.492039 0.104954 0.54275 0.920829
0 0.09084 0.385865 0.0320048 0.171742 0.81171
0 0.212483 0.404807 0.0410601 0.204225 0.803062
0 0.0291267 0.392654 0.027834 0.1623 0.753181
13 0.25437 0.423625 0.0542077 0.0933224 0.722429
0 0.123871 0.380501 0.0298949 0.171901 0.649896
0 0.18216 0.401217 0.0348175 0.193455 0.611425
0 0.0621555 0.381534 0.0170027 0.138095 0.610038
0 0.403148 0.390982 0.0337145 0.0614677 0.530143
35 0.479238 0.403316 0.0279984 0.0363987 0.524129
13 0.218071 0.425139 0.126334 0.0984824 0.268065
