0 0.0412703 0.452985 0.0824653 0.448784 0.929978
0 0.568448 0.511567 0.128371 0.542228 0.927103
0 0.458469 0.510869 0.114759 0.554039 0.925586
0 0.196666 0.466629 0.0870743 0.409653 0.92114
0 0.904432 0.405698 0.0827938 0.39295 0.906928
13 0.269739 0.415678 0.0693889 0.0957852 0.855004
0 0.0863426 0.380923 0.0339127 0.181727 0.691074
0 0.351058 0.374515 0.0227326 0.0910378 0.651531
0 0.131805 0.38781 0.037426 0.180076 0.610009
0 0.116388 0.373151 0.0279713 0.167667 0.38955
0 0.393875 0.382004 0.0240132 0.061528 0.360993
