0 0.83872 0.54353 0.12446 0.586798 0.921912
0 0.655865 0.518808 0.133408 0.638847 0.913299
0 0.207499 0.408528 0.038324 0.203362 0.861399
0 0.244653 0.410218 0.0425281 0.211752 0.853639
0 0.0732615 0.389936 0.0364104 0.177117 0.819808
13 0.230222 0.421132 0.160965 0.101786 0.819527
0 0.121211 0.386417 0.0402312 0.179204 0.756754
0 0.00988837 0.394338 0.0197475 0.165355 0.747252
0 0.401236 0.390852 0.0379766 0.0622276 0.706796
41 0.659098 0.283886 0.0255383 0.0411546 0.64186
0 0.0327064 0.394707 0.0210042 0.154359 0.637431
