0 0.606065 0.523811 0.112844 0.534392 0.917875
0 0.433277 0.503116 0.108796 0.583767 0.911864
0 0.0812062 0.387862 0.0373328 0.180371 0.851032
0 0.230122 0.408893 0.0407728 0.207508 0.824201
0 0.0243334 0.394708 0.0332411 0.161934 0.811967
13 0.276959 0.422081 0.0690668 0.0942154 0.788784
0 0.269452 0.352905 0.0255408 0.0507244 0.769361
0 0.12386 0.381324 0.0332911 0.1783 0.768887
0 0.203956 0.406401 0.0302609 0.197768 0.66166
13 0.23328 0.420932 0.154614 0.0956695 0.604998
41 0.432303 0.279952 0.0237414 0.0391596 0.389876
13 0.174462 0.421127 0.0380551 0.0937146 0.293608
