0 0.500189 0.504105 0.101526 0.515128 0.934311
0 0.329945 0.487819 0.105427 0.557089 0.91165
0 0.0878843 0.38515 0.039263 0.175124 0.827477
0 0.216497 0.410323 0.0434316 0.203106 0.802084
13 0.263536 0.42203 0.0697369 0.0945257 0.776092
0 0.027245 0.391223 0.0301525 0.164639 0.771357
0 0.182745 0.407768 0.0334512 0.190204 0.73272
0 0.12398 0.380768 0.0320198 0.174319 0.711018
0 0.404914 0.390794 0.0307924 0.0613946 0.564472
13 0.226116 0.421642 0.144516 0.0980083 0.456543
0 0.0615998 0.377983 0.0148645 0.135105 0.376073
