0 0.940863 0.529573 0.117466 0.728333 0.909982
0 0.0745263 0.38828 0.0405484 0.183757 0.858639
0 0.243673 0.413799 0.0489652 0.213868 0.855971
0 0.302888 0.419104 0.0457922 0.227322 0.851873
0 0.159785 0.382455 0.037038 0.18102 0.821047
0 0.011791 0.391274 0.0234758 0.16212 0.799614
0 0.206911 0.350073 0.0226429 0.0547724 0.75614
13 0.197333 0.421314 0.0582565 0.0895538 0.754855
0 0.40661 0.391405 0.026405 0.0592465 0.617536
0 0.395302 0.364459 0.0150035 0.0665754 0.546842
0 0.137036 0.398582 0.0178686 0.0852542 0.488783
0 0.0351104 0.383676 0.018215 0.141541 0.365181
