0 0.704841 0.52708 0.119034 0.584774 0.93752
0 0.549786 0.53091 0.116451 0.586962 0.937458
0 0.0976507 0.470046 0.0899923 0.460483 0.910135
0 0.244795 0.479279 0.0877427 0.429676 0.909155
0 0.170572 0.400234 0.0327614 0.189349 0.740983
0 0.341429 0.378845 0.0256341 0.0827243 0.73571
13 0.294373 0.421908 0.0299994 0.100143 0.552185
0 0.139566 0.388438 0.0221732 0.180034 0.531709
0 0.403491 0.389385 0.0300588 0.0626458 0.385012
0 0.39476 0.368179 0.0182493 0.0773837 0.307321
13 0.249422 0.42245 0.11823 0.0971814 0.251265
