0 0.930697 0.557794 0.13793 0.68092 0.942916
0 0.231064 0.476997 0.0978103 0.516199 0.913804
0 0.400739 0.490215 0.0987454 0.473844 0.907989
0 0.0960977 0.383657 0.0321233 0.168956 0.779212
0 0.168989 0.399772 0.0354907 0.193067 0.770071
0 0.134817 0.384909 0.0307735 0.172762 0.742027
13 0.291823 0.422244 0.0392889 0.0942317 0.737515
0 0.320079 0.378109 0.0248254 0.0799893 0.648673
0 0.0319674 0.388101 0.0232991 0.153237 0.611437
0 0.0725496 0.390521 0.0250843 0.159495 0.587503
35 0.396033 0.39808 0.0279195 0.0345688 0.327163
