0 0.58117 0.525023 0.114306 0.604549 0.930882
0 0.726469 0.534953 0.127664 0.582195 0.928779
0 0.117419 0.466378 0.0962782 0.470209 0.918414
0 0.251511 0.47919 0.086142 0.435148 0.904269
0 0.339188 0.381002 0.0241157 0.0772168 0.792968
0 0.175642 0.403062 0.0317131 0.182857 0.559661
0 0.403349 0.389894 0.0301147 0.0629893 0.543072
56 0.296193 0.42106 0.0268191 0.103219 0.376317
0 0.510605 0.397106 0.0139192 0.0447171 0.367591
0 0.177419 0.331461 0.0165448 0.0381773 0.322839
0 0.395372 0.367938 0.0186383 0.0764298 0.315765
