0 0.865145 0.542395 0.121381 0.596224 0.938109
0 0.689549 0.51629 0.126486 0.647675 0.933368
0 0.208069 0.410877 0.0395439 0.202536 0.87317
0 0.0738156 0.388966 0.0390635 0.18222 0.848077
0 0.249857 0.414043 0.0460288 0.211506 0.843785
0 0.0100796 0.395861 0.0201314 0.157221 0.760936
0 0.400429 0.390349 0.0389276 0.0626315 0.736491
13 0.230899 0.419986 0.159483 0.101308 0.73446
0 0.0334703 0.393785 0.0207456 0.158856 0.701605
0 0.125572 0.385617 0.036434 0.178874 0.655064
13 0.288638 0.422895 0.044933 0.0933451 0.411373
0 0.584828 0.400846 0.0080965 0.033451 0.251637
