0 0.571237 0.516083 0.109146 0.533871 0.936265
0 0.403691 0.498618 0.109901 0.577851 0.928304
0 0.225817 0.408199 0.0446889 0.206754 0.814664
0 0.0826822 0.384105 0.0382014 0.17754 0.786603
0 0.0264025 0.393817 0.0308225 0.161472 0.783084
0 0.198541 0.406016 0.0320063 0.199085 0.778234
0 0.274028 0.354538 0.0262389 0.049196 0.742651
13 0.275715 0.422519 0.070594 0.0936993 0.725561
0 0.120839 0.381477 0.0308772 0.175911 0.660128
13 0.232516 0.421797 0.153812 0.100214 0.574492
0 0.0612842 0.377615 0.014045 0.133753 0.301223
