0 0.936027 0.555808 0.127226 0.683266 0.940468
0 0.23292 0.476913 0.0959931 0.516708 0.912623
0 0.402695 0.491998 0.0987734 0.475311 0.912305
0 0.095865 0.383786 0.0322714 0.169409 0.785271
0 0.170758 0.401446 0.0342901 0.191431 0.780978
0 0.133834 0.38405 0.0335301 0.175357 0.719607
13 0.292254 0.422615 0.0373784 0.0943798 0.711557
0 0.319499 0.377719 0.0249194 0.0800001 0.631094
0 0.0706863 0.39032 0.0238015 0.158631 0.600707
0 0.0317168 0.387672 0.023255 0.152656 0.554828
35 0.398214 0.400946 0.0289206 0.0357263 0.376714
