0 0.946585 0.533872 0.106039 0.718906 0.919171
0 0.24363 0.413534 0.0481831 0.212313 0.846714
0 0.304163 0.417192 0.0451606 0.232206 0.844642
0 0.074883 0.387695 0.0413222 0.185202 0.841478
0 0.0118129 0.390691 0.0235264 0.160735 0.800484
0 0.159975 0.382009 0.0383816 0.18348 0.795615
13 0.197764 0.420428 0.0591941 0.0888309 0.760842
0 0.206664 0.350054 0.022702 0.0535845 0.735968
0 0.406007 0.391382 0.0275266 0.0591473 0.61518
0 0.395251 0.364612 0.0149434 0.0666429 0.536356
0 0.13677 0.394691 0.01815 0.0762982 0.386578
0 0.0352477 0.382524 0.0173552 0.137801 0.332511
