0 0.556363 0.509169 0.112418 0.525308 0.940506
0 0.385495 0.491841 0.111694 0.569996 0.928378
0 0.221173 0.407248 0.0380666 0.203505 0.804557
0 0.0874035 0.384591 0.0333758 0.180363 0.763929
13 0.272876 0.42273 0.0754932 0.0949013 0.761689
0 0.122443 0.381728 0.0344102 0.179313 0.731704
0 0.0289042 0.390758 0.0283446 0.160424 0.701677
0 0.193636 0.403643 0.0319077 0.1954 0.691901
0 0.278328 0.352514 0.0236165 0.0513752 0.682546
13 0.233703 0.421694 0.154116 0.0976053 0.638763
32 0.558874 0.224526 0.00979576 0.0232955 0.323727
0 0.0612885 0.379576 0.014194 0.132289 0.30116
41 0.37997 0.272404 0.0232248 0.0398041 0.264335
