0 0.742366 0.518335 0.125705 0.670741 0.931544
0 0.906393 0.544987 0.119293 0.615094 0.923904
0 0.218127 0.409482 0.0469234 0.204545 0.874026
0 0.0698942 0.390183 0.0311607 0.181069 0.817579
0 0.259464 0.415785 0.04052 0.213514 0.792636
0 0.012382 0.398142 0.0247552 0.160707 0.789669
13 0.29266 0.422922 0.0364536 0.093002 0.715461
0 0.035064 0.395062 0.019248 0.158492 0.684222
0 0.405318 0.390888 0.0290827 0.0596955 0.672181
0 0.133929 0.379859 0.038904 0.186416 0.624071
0 0.395026 0.365423 0.0152925 0.069113 0.478469
13 0.23297 0.422347 0.155817 0.0947686 0.424721
13 0.179258 0.42141 0.047839 0.0922577 0.411481
0 0.584448 0.400977 0.00874701 0.0335941 0.279478
