0 0.92477 0.539401 0.150047 0.707261 0.911324
0 0.241435 0.414057 0.0468349 0.21079 0.851865
0 0.29797 0.419961 0.0467251 0.225601 0.838198
0 0.0725186 0.389405 0.0361239 0.180615 0.823602
0 0.0124691 0.394627 0.024876 0.159145 0.776998
0 0.157866 0.386585 0.0351743 0.18587 0.748423
0 0.207574 0.348317 0.0246522 0.0586077 0.71492
13 0.194442 0.422847 0.0608088 0.0951255 0.713544
0 0.406211 0.391372 0.0271144 0.0591818 0.611754
0 0.395346 0.364602 0.0149676 0.0664998 0.584266
0 0.138213 0.398787 0.0179955 0.0872118 0.374524
41 0.933124 0.270966 0.0256836 0.0474325 0.351211
13 0.219279 0.422238 0.112439 0.0953788 0.255062
