0 0.372183 0.486684 0.0990845 0.463698 0.921432
0 0.877269 0.55146 0.144712 0.661137 0.921023
0 0.215373 0.473504 0.0968116 0.503757 0.915052
0 0.963741 0.555953 0.0716658 0.625401 0.913729
0 0.101116 0.382047 0.0345235 0.165991 0.830148
13 0.2851 0.422536 0.0513041 0.0935868 0.807864
0 0.135739 0.385171 0.0289779 0.173889 0.781416
0 0.160284 0.397153 0.032604 0.191735 0.758421
0 0.0742217 0.391034 0.0242641 0.155812 0.749926
0 0.0321671 0.386964 0.0227715 0.152545 0.623946
0 0.320294 0.37733 0.0171286 0.0767231 0.435108
