0 0.546857 0.527314 0.12027 0.587638 0.937749
0 0.707273 0.528702 0.136203 0.579668 0.935269
0 0.0935013 0.467302 0.0894723 0.462917 0.905456
0 0.242163 0.479386 0.0837516 0.426565 0.899645
0 0.169176 0.399544 0.0343194 0.18012 0.752479
0 0.34194 0.377136 0.0249497 0.0826819 0.744446
0 0.136679 0.390386 0.0265589 0.181788 0.623596
13 0.292657 0.420622 0.0335512 0.101611 0.492196
0 0.394722 0.370608 0.0189402 0.082215 0.298062
0 0.403348 0.391229 0.0303623 0.0614222 0.263458
0 0.991903 0.411291 0.0154453 0.234541 0.262399
