0 0.891611 0.526272 0.137141 0.709041 0.92302
0 0.239107 0.415027 0.0460642 0.20829 0.854236
0 0.291263 0.414945 0.0447807 0.22102 0.852207
0 0.0713975 0.388057 0.0334587 0.179983 0.806867
13 0.192279 0.421293 0.0629259 0.0920644 0.787865
0 0.0155401 0.393957 0.031024 0.161361 0.783011
0 0.208926 0.349743 0.0227838 0.055407 0.752095
0 0.401906 0.391307 0.0359932 0.0590769 0.735929
0 0.153724 0.375466 0.0300488 0.198616 0.651949
0 0.395271 0.364776 0.0148902 0.0667638 0.61841
41 0.896636 0.255884 0.0260513 0.047302 0.491281
0 0.0362718 0.391582 0.0153805 0.151151 0.281869
13 0.215389 0.420832 0.10962 0.0920505 0.263825
