0 0.255816 0.414015 0.0460373 0.216881 0.888416
0 0.317549 0.417756 0.0503706 0.226603 0.884294
0 0.0812663 0.393717 0.0386822 0.195099 0.841696
0 0.174768 0.384447 0.0374326 0.187146 0.817601
0 0.0192676 0.393487 0.0385352 0.171078 0.812112
0 0.977309 0.506084 0.0445904 0.451745 0.805531
0 0.201245 0.349744 0.0188951 0.0552095 0.651664
0 0.395566 0.364217 0.0138911 0.0666879 0.56534
0 0.13262 0.394777 0.0164129 0.0751915 0.545534
13 0.244004 0.422878 0.107459 0.0971724 0.536754
0 0.408604 0.391329 0.0237227 0.0603069 0.462362
13 0.212308 0.422739 0.0442902 0.09615 0.358984
0 0.582847 0.401366 0.0112087 0.0312856 0.294502
