0 0.776849 0.528438 0.145501 0.673555 0.92643
0 0.937315 0.554807 0.124984 0.614536 0.910473
0 0.265438 0.413646 0.04533 0.216713 0.846766
0 0.0708192 0.391251 0.0335327 0.179491 0.828052
0 0.220519 0.411642 0.0431031 0.201505 0.818264
13 0.232467 0.421394 0.155754 0.0984377 0.782389
0 0.133606 0.37941 0.0422881 0.189665 0.732148
0 0.0075934 0.398197 0.0151673 0.157985 0.684901
0 0.403925 0.391136 0.0312176 0.0590656 0.664885
0 0.0318824 0.396392 0.0253856 0.153111 0.5639
41 0.781465 0.277018 0.0257032 0.045582 0.533223
0 0.394743 0.365653 0.0157435 0.069136 0.505027
13 0.297084 0.422978 0.0271967 0.0933506 0.430668
0 0.584408 0.401126 0.00899458 0.0340147 0.334785
0 0.516322 0.402729 0.0108073 0.0352871 0.309808
