0 0.792816 0.537347 0.158805 0.598092 0.948769
0 0.644812 0.528805 0.126223 0.615735 0.942653
0 0.137969 0.468235 0.101984 0.476216 0.920283
0 0.257004 0.479105 0.0832104 0.444202 0.898116
0 0.333833 0.379658 0.0231908 0.0773962 0.771852
0 0.403915 0.389374 0.0314788 0.0614076 0.73691
0 0.0708317 0.387035 0.0280114 0.152417 0.706658
0 0.187894 0.392632 0.0269259 0.164427 0.632896
0 0.0910845 0.380445 0.0215542 0.163481 0.503169
13 0.297583 0.42296 0.0233948 0.0936152 0.450074
13 0.211815 0.422349 0.0320622 0.0954768 0.393252
