0 0.530376 0.525261 0.109015 0.578105 0.927447
0 0.0809572 0.46286 0.0965057 0.46734 0.918697
0 0.238491 0.476202 0.090644 0.426707 0.896184
0 0.672732 0.52656 0.138257 0.564846 0.871996
0 0.977205 0.417085 0.0447775 0.397454 0.859972
0 0.164448 0.395234 0.0402138 0.180854 0.69731
0 0.345587 0.381571 0.0219569 0.0775803 0.695846
13 0.291673 0.419314 0.0357096 0.100936 0.622373
0 0.126837 0.384474 0.0309353 0.154142 0.544189
0 0.403563 0.389052 0.0279234 0.0626156 0.453656
0 0.394451 0.371344 0.0189612 0.0856495 0.333766
