0 0.950608 0.531654 0.0980259 0.721974 0.931625
0 0.0767472 0.388606 0.0418845 0.184116 0.851164
0 0.244583 0.414382 0.0478642 0.214788 0.840183
0 0.308788 0.416675 0.0503833 0.233893 0.822165
0 0.011959 0.393351 0.0238218 0.162565 0.769177
0 0.162127 0.380296 0.0376773 0.184531 0.764486
13 0.201009 0.421488 0.0559728 0.0905311 0.705576
0 0.205868 0.348333 0.0222176 0.0562375 0.662952
0 0.406609 0.391397 0.0262974 0.0591275 0.621108
0 0.395255 0.364538 0.0150874 0.0667216 0.527398
0 0.135518 0.396056 0.0194024 0.0818634 0.468193
