0 0.472386 0.513903 0.119561 0.560392 0.95353
0 0.0434502 0.455303 0.0866861 0.451545 0.939289
0 0.586526 0.517024 0.115595 0.555992 0.938208
0 0.932683 0.408118 0.0857872 0.387532 0.896177
0 0.210432 0.47362 0.0811137 0.408694 0.883647
0 0.144369 0.39198 0.0408956 0.177878 0.734682
13 0.275358 0.417225 0.060765 0.0949021 0.70811
0 0.349644 0.375598 0.0209735 0.0889967 0.630805
0 0.0981168 0.383434 0.0362175 0.187114 0.596969
0 0.12342 0.378185 0.0280622 0.17409 0.485571
0 0.398254 0.386742 0.0285571 0.0615618 0.368773
13 0.232615 0.417529 0.146906 0.0947208 0.300543
0 0.391578 0.358713 0.0181562 0.0672618 0.260642
