0 0.868517 0.532095 0.136178 0.692493 0.935564
0 0.981563 0.560671 0.0360771 0.608785 0.850568
0 0.231375 0.412632 0.0445822 0.211028 0.839764
0 0.28412 0.415435 0.0496794 0.221607 0.828779
0 0.0714529 0.389271 0.0345295 0.180701 0.822584
0 0.0128701 0.394349 0.025736 0.165346 0.816436
0 0.401976 0.39158 0.0355756 0.0578975 0.761166
13 0.188925 0.421321 0.0609482 0.0932122 0.754138
0 0.145275 0.371103 0.0355643 0.206304 0.753238
0 0.0352644 0.39312 0.018434 0.157189 0.668804
0 0.395141 0.364713 0.0149586 0.0664234 0.600126
0 0.211333 0.348864 0.0166649 0.05537 0.540284
41 0.859522 0.268037 0.0280193 0.0479758 0.308884
0 0.396379 0.390589 0.024789 0.0557487 0.254066
