0 0.920555 0.535901 0.157638 0.705897 0.924471
0 0.242585 0.415017 0.0490039 0.208548 0.851161
0 0.295982 0.416061 0.0451133 0.222523 0.84058
0 0.0717044 0.3888 0.0342896 0.178121 0.823071
13 0.192672 0.422644 0.0652755 0.0937873 0.787617
0 0.0133037 0.394835 0.0265522 0.159361 0.770816
0 0.207731 0.348006 0.0246665 0.0593472 0.749219
0 0.157374 0.383169 0.034855 0.183368 0.707987
0 0.404003 0.39129 0.0314904 0.0592189 0.621704
0 0.395274 0.364706 0.014874 0.0664817 0.577498
0 0.138157 0.392307 0.0189301 0.0763888 0.377998
13 0.217319 0.422594 0.115426 0.094482 0.25779
