0 0.528934 0.511493 0.0937637 0.517639 0.927896
0 0.365368 0.496904 0.118541 0.558918 0.922078
0 0.219684 0.409851 0.0425179 0.205482 0.858943
0 0.088093 0.383897 0.0356678 0.177582 0.841624
13 0.272345 0.422923 0.0762344 0.0947961 0.801173
0 0.123557 0.384007 0.0325129 0.173467 0.738217
0 0.28358 0.353926 0.0243023 0.0489965 0.694928
0 0.0294501 0.391875 0.027596 0.164356 0.67391
13 0.232404 0.422206 0.153844 0.0998657 0.59272
0 0.190272 0.402186 0.0353388 0.193002 0.523149
41 0.365318 0.279087 0.0228208 0.0371139 0.259098
