0 0.807514 0.535677 0.111616 0.582758 0.932333
0 0.620334 0.511086 0.116704 0.638228 0.932214
0 0.204401 0.40958 0.0414757 0.200476 0.873231
0 0.244441 0.41263 0.0433531 0.211372 0.853098
13 0.230939 0.421332 0.159861 0.0972765 0.807328
0 0.0722904 0.390107 0.0365739 0.182344 0.801977
0 0.0129512 0.396737 0.0258779 0.16178 0.743631
0 0.119915 0.384499 0.036024 0.177834 0.706527
0 0.401453 0.390802 0.0376429 0.0623149 0.667267
0 0.0325494 0.391451 0.0230712 0.158125 0.349151
13 0.284309 0.422482 0.0532312 0.0942691 0.252847
