0 0.526464 0.511942 0.0969856 0.517047 0.924377
0 0.364639 0.49702 0.107452 0.557089 0.921226
0 0.219877 0.407909 0.0425979 0.202868 0.836174
0 0.0881447 0.383724 0.0362895 0.176808 0.820558
13 0.272134 0.423072 0.0766536 0.0948224 0.819562
0 0.123699 0.383503 0.0322066 0.173435 0.703454
0 0.284007 0.354307 0.024354 0.0474845 0.664459
0 0.0295147 0.392606 0.0275491 0.164095 0.641889
0 0.188279 0.4033 0.0367807 0.191899 0.581818
13 0.232299 0.421107 0.153736 0.0987206 0.575681
0 0.410871 0.388914 0.0184235 0.0578247 0.423119
