0 0.590896 0.5265 0.118179 0.60432 0.93473
0 0.120158 0.468534 0.0941254 0.467119 0.919425
0 0.732601 0.5393 0.116638 0.584694 0.918817
0 0.253077 0.479511 0.0842168 0.433079 0.903078
0 0.338608 0.38043 0.0227422 0.0759973 0.728578
0 0.177742 0.403744 0.0318498 0.18234 0.637879
0 0.403463 0.389832 0.0303673 0.0623691 0.583417
0 0.0715942 0.387239 0.0322433 0.151361 0.465941
13 0.294552 0.422353 0.0300935 0.0991859 0.399137
13 0.205906 0.423501 0.0337463 0.0965204 0.368938
0 0.510998 0.397822 0.0136656 0.0436683 0.360308
56 0.294478 0.422206 0.0302568 0.0990141 0.352292
0 0.395133 0.36874 0.0190619 0.0777681 0.289295
