0 0.672652 0.531462 0.115967 0.546778 0.931044
0 0.48861 0.505374 0.113833 0.599346 0.929058
0 0.0748048 0.386592 0.0377938 0.180152 0.834789
0 0.235233 0.409458 0.0463403 0.209165 0.827469
13 0.233345 0.42127 0.154704 0.0996967 0.824724
0 0.0191185 0.395848 0.0322069 0.164331 0.809817
0 0.207221 0.407361 0.0282482 0.201504 0.798597
0 0.262195 0.354814 0.0244228 0.0493546 0.668362
0 0.402019 0.390869 0.0352171 0.0624018 0.662531
0 0.125335 0.383547 0.0317336 0.183249 0.592305
41 0.48072 0.27669 0.025326 0.041759 0.545107
