0 0.854144 0.531689 0.137069 0.687883 0.934622
0 0.974246 0.556049 0.0506882 0.623221 0.905597
0 0.228852 0.412586 0.043032 0.206965 0.849532
0 0.280021 0.413294 0.0466464 0.224206 0.84817
0 0.0723682 0.389559 0.0367052 0.181057 0.842454
0 0.0120033 0.39633 0.0239961 0.161706 0.819803
0 0.401895 0.391453 0.0357904 0.0583306 0.763703
13 0.185231 0.420608 0.0562448 0.0932582 0.689299
0 0.0351371 0.394499 0.0190546 0.155005 0.677228
0 0.395138 0.364576 0.0150249 0.0663851 0.588752
0 0.141271 0.374737 0.0395371 0.200687 0.535743
