0 0.958915 0.537902 0.0813234 0.70735 0.917564
0 0.252311 0.411855 0.0447671 0.217115 0.868907
0 0.0795787 0.393038 0.0415395 0.188012 0.858207
0 0.171586 0.384241 0.0423641 0.18608 0.843739
0 0.316718 0.419551 0.0521057 0.226657 0.838539
0 0.017557 0.397259 0.035114 0.165558 0.791739
0 0.204444 0.348016 0.0195156 0.0575301 0.69128
13 0.208414 0.422675 0.0511949 0.0974192 0.659988
0 0.405088 0.391498 0.0292508 0.0589547 0.624841
0 0.132857 0.39569 0.0162925 0.0845286 0.607599
0 0.395267 0.364536 0.0150206 0.0667618 0.558687
13 0.241447 0.422032 0.116981 0.0977948 0.32128
