0 0.780574 0.528909 0.139084 0.675087 0.916957
0 0.937179 0.554966 0.124958 0.615983 0.90518
0 0.265906 0.413775 0.0445143 0.215038 0.853845
0 0.0711567 0.390869 0.03449 0.180319 0.828727
0 0.221432 0.411772 0.0423455 0.202177 0.772526
13 0.232809 0.422143 0.155345 0.0952859 0.757147
0 0.402136 0.391042 0.0350945 0.0591302 0.733133
0 0.13285 0.37898 0.0409212 0.188013 0.696817
0 0.00691779 0.396282 0.0138286 0.157598 0.681688
0 0.0299075 0.395024 0.0286874 0.152729 0.532029
0 0.394644 0.365307 0.0157481 0.0682505 0.504894
13 0.297355 0.422926 0.0265119 0.0929291 0.430082
0 0.584269 0.401249 0.00934649 0.0339454 0.32491
0 0.516255 0.402662 0.0106871 0.0353287 0.296968
