0 0.724557 0.534575 0.134598 0.556616 0.93553
0 0.527776 0.508273 0.131668 0.60818 0.927558
0 0.235153 0.409524 0.0380676 0.207861 0.840701
0 0.0732243 0.38944 0.0371655 0.180704 0.838595
0 0.206035 0.40814 0.0304182 0.203903 0.819556
0 0.0144032 0.392628 0.0288054 0.165372 0.799961
13 0.232988 0.421225 0.153934 0.100286 0.753244
0 0.25873 0.354996 0.0194783 0.0483853 0.644453
0 0.125886 0.386406 0.0299242 0.175319 0.639183
0 0.402903 0.390681 0.0352321 0.0613188 0.634515
41 0.529453 0.28134 0.0242224 0.0391716 0.408914
13 0.279633 0.422335 0.0624436 0.0938721 0.402277
