0 0.315332 0.491038 0.104095 0.542715 0.923623
0 0.483052 0.500911 0.0990009 0.504552 0.922427
0 0.212671 0.40532 0.0409533 0.204394 0.807873
0 0.0917341 0.385792 0.0311541 0.171702 0.786012
0 0.0295668 0.392952 0.0268561 0.160397 0.717547
0 0.124042 0.379542 0.0305547 0.170495 0.711565
0 0.180767 0.403288 0.0331193 0.19314 0.687817
13 0.252592 0.423096 0.0507565 0.0940436 0.672295
0 0.403201 0.391277 0.0340662 0.0609292 0.49113
0 0.062951 0.382186 0.0172553 0.136462 0.485726
13 0.2164 0.423688 0.122817 0.0958826 0.358194
35 0.475681 0.399389 0.0281939 0.0371713 0.326621
