0 0.842032 0.547738 0.131589 0.611026 0.95293
0 0.17238 0.469953 0.0945227 0.485289 0.911395
0 0.721059 0.536809 0.117792 0.629748 0.907001
0 0.29705 0.482316 0.0806196 0.448196 0.881467
0 0.104058 0.38281 0.0267519 0.164308 0.730739
0 0.404138 0.388757 0.0309731 0.0619631 0.703914
13 0.242763 0.424405 0.0500212 0.0940601 0.612397
0 0.085034 0.387486 0.0230635 0.155376 0.558875
0 0.336871 0.375521 0.0189753 0.0835061 0.5183
35 0.307813 0.385721 0.03052 0.0340566 0.342385
35 0.304715 0.389513 0.0364658 0.0371396 0.341638
0 0.0629941 0.398159 0.015174 0.0979789 0.254712
