0 0.862892 0.544816 0.131461 0.665043 0.922344
0 0.365722 0.485246 0.0972551 0.466578 0.919633
0 0.957335 0.551743 0.0844717 0.636535 0.917768
0 0.212501 0.474346 0.100787 0.502752 0.889041
13 0.284293 0.423229 0.0525467 0.0933555 0.855397
0 0.101876 0.382609 0.0345962 0.169494 0.835973
0 0.0752651 0.390513 0.0253852 0.156469 0.733771
0 0.159022 0.398676 0.0309333 0.189428 0.691448
0 0.135399 0.380004 0.0299938 0.163598 0.682855
0 0.0318521 0.386437 0.0237678 0.152048 0.632349
0 0.409885 0.386623 0.0192455 0.0512511 0.395013
