0 0.875815 0.5288 0.134121 0.703236 0.931617
0 0.285968 0.415512 0.0454085 0.219753 0.867853
0 0.235525 0.413227 0.0433197 0.212042 0.851077
0 0.0714269 0.387604 0.0338225 0.182158 0.833993
0 0.0137388 0.393453 0.0274655 0.164707 0.818628
13 0.190506 0.421651 0.0620994 0.0943097 0.776629
0 0.402002 0.391543 0.0356177 0.0580617 0.753527
0 0.148026 0.371187 0.0364866 0.20693 0.67244
0 0.210309 0.350688 0.0186286 0.0528071 0.661781
0 0.395232 0.364823 0.0148694 0.0666887 0.615068
0 0.988227 0.503172 0.0227552 0.368026 0.608488
0 0.0352142 0.392844 0.0187161 0.160244 0.563374
