0 0.684476 0.530496 0.144957 0.565511 0.957761
0 0.53626 0.521116 0.117425 0.587507 0.932698
0 0.084147 0.461887 0.0969601 0.468959 0.908756
0 0.238522 0.475579 0.0898795 0.427114 0.90546
0 0.980151 0.419098 0.0388882 0.395449 0.846604
0 0.165573 0.398922 0.0384104 0.180746 0.792575
0 0.344189 0.380401 0.0219038 0.0777041 0.755274
13 0.291452 0.419818 0.0367945 0.103836 0.630344
0 0.129267 0.38708 0.0303433 0.162301 0.604014
0 0.403115 0.389181 0.0282842 0.0635416 0.409526
0 0.394405 0.37151 0.0193869 0.0865156 0.331477
0 0.137283 0.378534 0.020814 0.160077 0.281323
