0 0.537472 0.511577 0.118922 0.611046 0.929448
0 0.7314 0.534599 0.125076 0.562067 0.925643
0 0.0746045 0.388355 0.0373985 0.182365 0.835154
13 0.233278 0.420887 0.154889 0.100298 0.831143
0 0.234402 0.407433 0.0400669 0.20774 0.828013
0 0.205498 0.406845 0.0307597 0.203369 0.800023
0 0.0148918 0.39439 0.029506 0.165519 0.789779
0 0.402891 0.390762 0.0351978 0.0613863 0.63663
0 0.126811 0.387015 0.0296703 0.174884 0.63391
0 0.257428 0.354653 0.0181705 0.0492506 0.503701
41 0.543753 0.283124 0.0226473 0.0411443 0.475035
