0 0.355175 0.496588 0.102365 0.557452 0.924361
0 0.523421 0.513306 0.102905 0.510144 0.918554
0 0.219226 0.406742 0.0425939 0.205001 0.814709
13 0.271207 0.422491 0.076758 0.0948319 0.810011
0 0.0878327 0.384028 0.0369048 0.17463 0.797492
0 0.123438 0.382494 0.0319475 0.17355 0.731744
0 0.187914 0.403721 0.0340254 0.193935 0.670126
0 0.0292034 0.393728 0.0281033 0.162936 0.667036
0 0.285733 0.353589 0.0249522 0.0501635 0.666124
13 0.231648 0.42048 0.152981 0.0980308 0.53802
0 0.408984 0.391724 0.022309 0.0615165 0.374552
41 0.355734 0.28164 0.0233523 0.0372768 0.369684
