0 0.73522 0.533389 0.119451 0.564152 0.930453
0 0.545576 0.510696 0.118736 0.612112 0.927143
0 0.234463 0.406279 0.0397599 0.208073 0.827529
0 0.0758787 0.387745 0.0392998 0.182632 0.825386
0 0.205398 0.406278 0.0302654 0.202064 0.800515
13 0.233245 0.420494 0.154799 0.100503 0.794997
0 0.0147595 0.395274 0.0295191 0.163276 0.792578
0 0.127093 0.387102 0.0292085 0.175297 0.684622
0 0.402876 0.390754 0.0351984 0.061446 0.644932
41 0.549332 0.280239 0.0241011 0.0408296 0.467477
0 0.257646 0.354135 0.0174006 0.0512466 0.417591
