0 0.441353 0.495827 0.101616 0.489261 0.929669
0 0.270196 0.480901 0.106482 0.534269 0.91431
0 0.0907692 0.384118 0.0365753 0.171275 0.770303
0 0.130536 0.380488 0.0344075 0.169939 0.729501
0 0.0286642 0.390912 0.0315991 0.162166 0.725535
0 0.175074 0.401669 0.0339915 0.190755 0.680407
0 0.206465 0.406435 0.0355585 0.202971 0.569407
0 0.0662733 0.389467 0.0217303 0.161284 0.524534
35 0.313153 0.49171 0.0223951 0.0408249 0.348385
35 0.433876 0.398129 0.0246696 0.040093 0.303176
6 0.994324 0.515839 0.0105747 0.207934 0.29219
0 0.314863 0.400533 0.0207611 0.14268 0.256592
