0 0.780637 0.528815 0.138995 0.675175 0.916679
0 0.937243 0.554906 0.124832 0.615888 0.905245
0 0.265924 0.413798 0.0444504 0.215099 0.852024
0 0.0711605 0.391158 0.0344982 0.179645 0.828477
0 0.221368 0.411761 0.0423166 0.202212 0.773356
13 0.23281 0.422114 0.155346 0.0953212 0.762015
0 0.402196 0.390991 0.0350073 0.0590318 0.729201
0 0.132848 0.378767 0.0408942 0.188595 0.700691
0 0.00690536 0.39631 0.0138107 0.157642 0.673651
0 0.0297151 0.395302 0.0291442 0.152659 0.567665
0 0.39468 0.365318 0.0156815 0.068347 0.511954
13 0.297344 0.42293 0.0265322 0.0929133 0.41511
0 0.584324 0.401244 0.00919418 0.0339873 0.322057
0 0.51627 0.4027 0.0106928 0.0352848 0.292118
