0 0.898762 0.550892 0.128197 0.59741 0.94235
0 0.72643 0.524587 0.130088 0.652488 0.939224
0 0.210537 0.411774 0.0422416 0.201475 0.859502
0 0.254526 0.410228 0.0463016 0.21783 0.836652
0 0.0713414 0.390418 0.034778 0.180336 0.816653
0 0.0113333 0.395068 0.0226473 0.167343 0.79244
0 0.406392 0.391312 0.0271723 0.0598768 0.713388
0 0.0340794 0.396879 0.0197651 0.157415 0.683779
0 0.134106 0.382411 0.0342247 0.185726 0.626424
13 0.291916 0.422779 0.0383098 0.092769 0.558179
41 0.718233 0.279794 0.0272488 0.0419439 0.52617
13 0.230981 0.42046 0.16158 0.0976877 0.492368
0 0.395439 0.370711 0.0156282 0.080551 0.472885
13 0.174176 0.419771 0.0462317 0.0949137 0.374545
0 0.58441 0.400965 0.00873833 0.033314 0.261827
