0 0.735825 0.519432 0.129194 0.665283 0.933968
0 0.903739 0.546779 0.121057 0.610999 0.931796
0 0.213757 0.410434 0.0415136 0.202351 0.853052
0 0.0699505 0.389948 0.0318075 0.180934 0.808608
0 0.0121095 0.395998 0.024219 0.165219 0.794373
0 0.259542 0.414202 0.0432068 0.214984 0.790248
0 0.034998 0.393717 0.0203698 0.160381 0.717767
0 0.404947 0.390857 0.0297852 0.0593799 0.701906
0 0.13441 0.381572 0.0367808 0.18747 0.579782
13 0.231972 0.421411 0.157596 0.0971536 0.557751
0 0.394931 0.366001 0.0159143 0.0704849 0.527613
13 0.292271 0.422826 0.0374436 0.0924991 0.469459
0 0.584436 0.400987 0.00865383 0.0333179 0.255629
