0 0.629074 0.526979 0.0902878 0.560208 0.923998
0 0.508139 0.520669 0.117912 0.575284 0.92189
0 0.0693697 0.462186 0.0881782 0.462753 0.884765
0 0.238398 0.478784 0.0915705 0.413345 0.864267
0 0.970343 0.416697 0.0586029 0.400037 0.860024
0 0.158509 0.398343 0.0371523 0.177811 0.752386
0 0.348344 0.376848 0.0215712 0.0843536 0.72124
13 0.238273 0.419165 0.140305 0.0950287 0.64856
0 0.118989 0.394464 0.031929 0.179885 0.640965
0 0.401701 0.388552 0.0287327 0.0592995 0.384076
0 0.394262 0.365915 0.0204941 0.0777223 0.340927
0 0.131512 0.379811 0.0253419 0.176183 0.319168
13 0.292645 0.420103 0.0326948 0.0962831 0.281146
13 0.189369 0.405139 0.0345846 0.0664856 0.264685
