0 0.653062 0.525813 0.118643 0.565086 0.944193
0 0.517542 0.526374 0.110607 0.573021 0.920706
0 0.0769008 0.464621 0.0940544 0.460963 0.914181
0 0.239031 0.477545 0.0908281 0.422076 0.902098
0 0.973633 0.411924 0.0519257 0.40204 0.864744
0 0.16315 0.396151 0.0397657 0.183975 0.789706
0 0.347076 0.379495 0.0217993 0.0823122 0.773587
0 0.123441 0.394372 0.032011 0.17315 0.553723
13 0.293314 0.41921 0.032618 0.0974864 0.552806
0 0.393646 0.371672 0.0184813 0.0860347 0.343743
0 0.403484 0.390167 0.0280866 0.0590364 0.28
35 0.956429 0.458184 0.0158821 0.0544345 0.255679
