0 0.684444 0.530214 0.144856 0.565226 0.953411
0 0.536304 0.521326 0.117335 0.587316 0.932925
0 0.0842978 0.461687 0.0970822 0.468628 0.910341
0 0.238374 0.475277 0.0892975 0.427507 0.90444
0 0.980263 0.418233 0.0386599 0.393491 0.850065
0 0.165411 0.399226 0.0384671 0.180588 0.775301
0 0.344175 0.380834 0.0219336 0.0788589 0.774833
13 0.29135 0.419905 0.0363585 0.102848 0.623009
0 0.129222 0.387283 0.0302356 0.161794 0.579907
0 0.403715 0.38903 0.027209 0.0631853 0.405153
0 0.394506 0.371035 0.019205 0.0854672 0.345779
0 0.137488 0.378435 0.0208635 0.15936 0.277256
