0 0.783925 0.528782 0.133363 0.675872 0.930233
0 0.938668 0.556588 0.122097 0.618767 0.91947
0 0.266841 0.415982 0.0447745 0.217692 0.848155
0 0.0713324 0.389923 0.0348367 0.181456 0.833337
0 0.222662 0.411867 0.044984 0.203352 0.800157
0 0.402047 0.391065 0.035259 0.0591749 0.733306
13 0.233021 0.422217 0.155505 0.0956517 0.731973
0 0.133265 0.379265 0.0398978 0.187311 0.689255
0 0.0068633 0.396253 0.0137246 0.157819 0.68261
0 0.0299213 0.39468 0.0287816 0.153039 0.565951
0 0.394679 0.365099 0.0156873 0.0678769 0.506147
13 0.297969 0.422978 0.0253258 0.0929528 0.473299
13 0.179626 0.420861 0.0505651 0.0921634 0.319254
0 0.584098 0.401397 0.00979099 0.0341527 0.308316
41 0.792829 0.275825 0.0258842 0.0449078 0.303417
0 0.516285 0.402669 0.0108129 0.0352824 0.281985
