0 0.495399 0.516456 0.110138 0.57749 0.919821
0 0.624979 0.528025 0.0993143 0.558262 0.919273
0 0.0655813 0.459194 0.0882683 0.459317 0.899153
0 0.965969 0.415159 0.0672928 0.393433 0.882425
0 0.236086 0.477152 0.0913421 0.412171 0.847285
0 0.155711 0.398234 0.0356832 0.177186 0.76231
0 0.348495 0.377507 0.0211605 0.0812719 0.737657
0 0.116612 0.394112 0.0335625 0.178605 0.692678
13 0.235038 0.419025 0.14554 0.0972205 0.678438
0 0.401189 0.38906 0.0294311 0.0576246 0.417919
0 0.131162 0.377587 0.0251824 0.174118 0.398953
0 0.394612 0.36488 0.0208411 0.0760668 0.363666
0 0.399088 0.37118 0.0286644 0.0885609 0.255092
