0 0.49481 0.504528 0.103376 0.510741 0.933124
0 0.326518 0.491526 0.106485 0.551007 0.921959
0 0.0881913 0.384482 0.0375983 0.174085 0.813753
0 0.213597 0.408396 0.0438091 0.204525 0.784132
0 0.0276999 0.391216 0.0304082 0.165158 0.732822
13 0.260378 0.421806 0.0596223 0.0951943 0.709232
0 0.123769 0.381711 0.0298214 0.171529 0.686162
0 0.182132 0.402622 0.0379992 0.195669 0.611801
0 0.403736 0.390851 0.0330408 0.0612384 0.516551
0 0.0620762 0.378852 0.0165008 0.136127 0.407283
35 0.485859 0.402893 0.0270081 0.0376455 0.334662
13 0.222311 0.422782 0.135601 0.0991261 0.287014
