0 0.810752 0.535287 0.110365 0.583779 0.931242
0 0.624752 0.509653 0.114649 0.638966 0.92969
0 0.204702 0.409259 0.0421137 0.201877 0.870414
0 0.245001 0.414109 0.0424636 0.210101 0.84193
0 0.0720855 0.390578 0.0362638 0.181483 0.826366
13 0.230507 0.421308 0.160762 0.0971961 0.805211
0 0.0123428 0.396236 0.0246723 0.162256 0.757252
0 0.120729 0.384295 0.034974 0.178073 0.73398
0 0.401347 0.390823 0.0377942 0.062205 0.676717
0 0.0342235 0.395513 0.0196352 0.158613 0.373233
13 0.284548 0.422572 0.0527033 0.0940798 0.327813
