0 0.606218 0.523741 0.112536 0.534386 0.919457
0 0.433247 0.503258 0.108319 0.583983 0.911697
0 0.0812861 0.387462 0.0368508 0.179474 0.85056
0 0.230097 0.409013 0.0409154 0.207595 0.825407
0 0.0245448 0.394711 0.0329563 0.160731 0.821834
0 0.269392 0.352815 0.0255511 0.0506661 0.792289
13 0.276965 0.421825 0.0690412 0.0948092 0.754882
0 0.123818 0.381292 0.0337859 0.178414 0.752046
13 0.233133 0.420811 0.15472 0.0958341 0.671363
0 0.204148 0.40621 0.0313777 0.197352 0.546805
41 0.432251 0.280012 0.0236309 0.0390466 0.325607
13 0.175662 0.420502 0.0401041 0.0947453 0.251101
