0 0.893289 0.548948 0.131346 0.598992 0.935922
0 0.717095 0.52328 0.126812 0.650375 0.933599
0 0.254943 0.411247 0.047985 0.220983 0.879605
0 0.210491 0.410704 0.0449484 0.202278 0.86823
0 0.0719485 0.39254 0.0361615 0.180513 0.824987
0 0.0111271 0.394315 0.0222317 0.162376 0.779896
0 0.0346209 0.396639 0.0188299 0.15211 0.700125
0 0.132138 0.382634 0.0331611 0.183508 0.671143
13 0.230884 0.421566 0.160414 0.0972831 0.628212
0 0.405481 0.391229 0.0290396 0.0601009 0.626284
13 0.291979 0.422692 0.0381483 0.0928825 0.510367
0 0.3955 0.368345 0.0159717 0.075946 0.39617
13 0.172348 0.418391 0.047477 0.0990428 0.27782
0 0.584473 0.400787 0.00851326 0.0331382 0.261808
