0 0.526961 0.505952 0.135261 0.605358 0.9325
0 0.723792 0.533586 0.136351 0.558097 0.932393
0 0.0728321 0.389395 0.0366748 0.18048 0.847067
0 0.235368 0.409625 0.0385318 0.208164 0.838845
0 0.206137 0.409257 0.0306095 0.202582 0.824176
0 0.0143755 0.392598 0.0287434 0.165925 0.802433
13 0.232894 0.421329 0.153898 0.10013 0.682777
0 0.259138 0.354663 0.0203012 0.0481198 0.679544
0 0.402874 0.390759 0.0352922 0.061503 0.619605
0 0.125551 0.385872 0.0308831 0.176895 0.590823
13 0.279635 0.422373 0.0624784 0.0939378 0.563829
41 0.524256 0.278364 0.0231276 0.0406565 0.356758
13 0.17716 0.421422 0.043305 0.0942759 0.294118
