0 0.590003 0.517284 0.10069 0.557538 0.924476
0 0.0523295 0.45861 0.0900685 0.454785 0.924201
0 0.478099 0.519114 0.11566 0.562841 0.922154
0 0.943656 0.412695 0.0789074 0.414055 0.887224
0 0.222399 0.470969 0.0855287 0.416851 0.884096
0 0.146168 0.392575 0.0375491 0.181447 0.740089
0 0.349111 0.37682 0.0214505 0.086299 0.654977
13 0.282616 0.416785 0.0486921 0.0953832 0.607032
0 0.103615 0.392686 0.0318922 0.174491 0.515479
0 0.12602 0.381212 0.0280328 0.176509 0.447352
13 0.230059 0.417086 0.154239 0.0940955 0.383619
0 0.393708 0.365109 0.0219137 0.0804587 0.355114
0 0.400177 0.388283 0.0286249 0.0590111 0.308245
