0 0.637298 0.532048 0.112171 0.608911 0.935945
0 0.780487 0.53456 0.142437 0.596216 0.908295
0 0.13618 0.472493 0.0986898 0.469683 0.907242
0 0.254961 0.479749 0.0829714 0.442017 0.887308
0 0.403693 0.389271 0.0309534 0.0611022 0.743837
0 0.0707649 0.38783 0.0281999 0.151467 0.728116
0 0.333766 0.380152 0.0247743 0.0778191 0.66775
0 0.0914951 0.379714 0.0238108 0.162123 0.489275
13 0.296434 0.422173 0.0249083 0.092559 0.421613
0 0.186972 0.400485 0.0262886 0.18098 0.365064
13 0.211401 0.422975 0.0318422 0.0962358 0.30106
13 0.244233 0.422616 0.0981351 0.0956454 0.256248
