0 0.381771 0.490677 0.114367 0.571202 0.938118
0 0.54833 0.50953 0.10829 0.523108 0.937673
0 0.0876118 0.383992 0.0333935 0.179274 0.815744
0 0.221442 0.409961 0.0379986 0.203277 0.808959
0 0.122254 0.382506 0.0321758 0.174755 0.742959
13 0.233089 0.422231 0.153759 0.101005 0.735377
0 0.0293842 0.390595 0.0277581 0.162473 0.690227
0 0.279861 0.353375 0.0229307 0.0485421 0.687418
0 0.1917 0.414 0.0329543 0.178563 0.678765
13 0.272037 0.422444 0.0768737 0.0955878 0.636764
0 0.0616685 0.378816 0.0147539 0.133533 0.264675
