0 0.916634 0.54564 0.120142 0.615839 0.926863
0 0.752082 0.516079 0.123407 0.677348 0.918353
0 0.217998 0.409317 0.0440729 0.204557 0.861737
0 0.0699538 0.390687 0.0311165 0.17845 0.817221
0 0.261826 0.414333 0.0407314 0.217536 0.815864
0 0.0116801 0.400444 0.0233539 0.154482 0.784243
13 0.233613 0.422458 0.154326 0.0945875 0.699008
0 0.404076 0.391013 0.0308576 0.0593248 0.696484
0 0.0353899 0.395148 0.0188654 0.154262 0.667786
0 0.132484 0.379063 0.0394095 0.18977 0.654847
0 0.394826 0.366165 0.0156542 0.0702118 0.478378
13 0.293238 0.423049 0.0353573 0.0926026 0.368061
0 0.584707 0.4009 0.00845432 0.0342731 0.308734
0 0.516369 0.402453 0.0111873 0.0359447 0.256047
