0 0.358701 0.497517 0.106433 0.557634 0.921032
0 0.524309 0.513316 0.101834 0.513084 0.918177
13 0.271587 0.422636 0.0761753 0.094823 0.847578
0 0.219731 0.407726 0.0420154 0.204883 0.807033
0 0.0880453 0.384188 0.0364836 0.176188 0.804393
0 0.12281 0.382998 0.0327556 0.1734 0.720249
0 0.189466 0.403171 0.0346501 0.194949 0.670085
0 0.284385 0.353045 0.0247043 0.0496818 0.67
0 0.0294977 0.393376 0.0277021 0.163212 0.613745
13 0.231802 0.420575 0.15312 0.0975988 0.451339
41 0.358796 0.28228 0.0223576 0.036959 0.368475
0 0.410051 0.38996 0.0199295 0.0583949 0.363553
