0 0.488072 0.505091 0.101327 0.506087 0.928468
0 0.319506 0.491948 0.104967 0.542875 0.920984
0 0.0908391 0.38586 0.0320223 0.17174 0.811296
0 0.212525 0.404849 0.0409818 0.20423 0.802639
0 0.0291266 0.392652 0.0278321 0.162292 0.754105
13 0.254379 0.423632 0.0541871 0.0932966 0.721185
0 0.123873 0.380486 0.0298815 0.171937 0.643149
0 0.0621524 0.381508 0.0170067 0.138121 0.611879
0 0.182217 0.401258 0.0347131 0.193463 0.60835
0 0.40306 0.390955 0.0338551 0.061529 0.534644
35 0.479243 0.40331 0.0280022 0.0364086 0.524077
13 0.218119 0.425258 0.126241 0.0985437 0.267722
