0 0.791505 0.529016 0.129883 0.674408 0.934347
0 0.943331 0.555623 0.11268 0.621607 0.923427
0 0.0723291 0.389469 0.0370242 0.181938 0.845066
0 0.268751 0.416301 0.0443509 0.216449 0.833521
0 0.223436 0.411567 0.0455101 0.203773 0.800998
0 0.402048 0.391097 0.0352499 0.0591509 0.730668
13 0.233371 0.422268 0.155246 0.0957095 0.717912
0 0.00698572 0.393529 0.0139505 0.152068 0.689362
0 0.133913 0.377077 0.0405183 0.193415 0.657098
0 0.0302017 0.392865 0.0287469 0.151517 0.603974
0 0.394782 0.364947 0.0155676 0.0675625 0.506585
13 0.29815 0.423021 0.0251056 0.092874 0.452685
41 0.798913 0.274474 0.0263277 0.0433438 0.339603
13 0.180132 0.421091 0.0504193 0.0919274 0.338867
0 0.584026 0.401434 0.00994911 0.0342706 0.278721
