0 0.962056 0.538606 0.075083 0.706781 0.913553
0 0.171388 0.384227 0.043885 0.18666 0.875131
0 0.25385 0.41313 0.0448257 0.218537 0.874427
0 0.0797676 0.392114 0.0407106 0.186044 0.872042
0 0.019018 0.39673 0.0380361 0.166116 0.82607
0 0.316504 0.419641 0.0493781 0.225389 0.805381
0 0.132875 0.391751 0.0146699 0.0721692 0.769524
0 0.203815 0.348689 0.0194351 0.0565699 0.679453
0 0.406142 0.391539 0.0272428 0.0590623 0.610821
13 0.209786 0.422895 0.0520821 0.096077 0.580767
0 0.395361 0.364425 0.0151519 0.0666133 0.55188
13 0.242667 0.422415 0.116697 0.0983934 0.308928
