0 0.933788 0.553665 0.13127 0.615916 0.920847
0 0.77861 0.526871 0.14063 0.668943 0.907312
0 0.265009 0.413824 0.0428607 0.21987 0.849189
0 0.221253 0.410883 0.0441506 0.202258 0.83813
0 0.0707556 0.391295 0.0333947 0.179111 0.835815
0 0.134193 0.380108 0.0448556 0.186354 0.768316
0 0.00803699 0.400646 0.016074 0.154474 0.71691
0 0.0329601 0.396098 0.0231697 0.152324 0.670583
13 0.232879 0.422269 0.155177 0.095067 0.663959
0 0.40598 0.391115 0.0271417 0.0590296 0.644304
13 0.296601 0.422798 0.0283062 0.0929884 0.524994
0 0.394834 0.36542 0.0157592 0.0688539 0.494497
13 0.179761 0.42083 0.0502916 0.0925547 0.42579
0 0.584442 0.400845 0.00880318 0.0338445 0.330887
29 0.712726 0.59597 0.0269926 0.118599 0.32494
0 0.516338 0.402796 0.0108775 0.0352431 0.307101
