0 0.513679 0.50123 0.117438 0.612367 0.938045
0 0.707622 0.526691 0.125216 0.559893 0.93076
0 0.0725953 0.389405 0.036931 0.181148 0.83345
0 0.23503 0.408532 0.041908 0.208905 0.828262
0 0.206219 0.410286 0.030949 0.202365 0.821675
0 0.0154908 0.393341 0.0309676 0.166531 0.805492
13 0.232893 0.421234 0.154098 0.100303 0.73433
0 0.125181 0.385288 0.0304396 0.178877 0.677382
0 0.260514 0.353555 0.0199052 0.0526806 0.646088
0 0.402849 0.390694 0.0354426 0.0616782 0.636463
13 0.28004 0.422318 0.0616612 0.094096 0.593326
41 0.509544 0.271788 0.0241241 0.0415642 0.289949
