0 0.936461 0.537723 0.126314 0.712809 0.933868
0 0.0740345 0.388837 0.0396694 0.182429 0.855057
0 0.244028 0.413527 0.0488581 0.213222 0.851704
0 0.301648 0.419054 0.0445563 0.222624 0.814103
0 0.159266 0.3832 0.0370201 0.181628 0.791749
0 0.0120813 0.3911 0.0240716 0.16065 0.789127
13 0.1965 0.422347 0.0581674 0.091332 0.762158
0 0.206974 0.349421 0.0231795 0.0556354 0.737362
0 0.404851 0.391338 0.0299366 0.0592569 0.614577
0 0.395316 0.364513 0.0148992 0.0665139 0.566372
0 0.137329 0.39884 0.0174686 0.084471 0.385737
0 0.0353969 0.384314 0.0178341 0.139994 0.339147
