0 0.585964 0.524967 0.116468 0.603883 0.930662
0 0.729146 0.538197 0.121256 0.582211 0.925989
0 0.118722 0.465969 0.0943381 0.471181 0.922339
0 0.252814 0.480161 0.0852996 0.431616 0.902356
0 0.339028 0.38078 0.0237744 0.0753577 0.759793
0 0.40335 0.389904 0.0301716 0.062393 0.538278
56 0.294614 0.421252 0.0296291 0.0999878 0.502501
0 0.176323 0.403326 0.0316241 0.183071 0.445032
0 0.510773 0.398209 0.013823 0.0440234 0.347833
0 0.0708479 0.387463 0.030941 0.151083 0.320606
0 0.39512 0.368769 0.0189024 0.078 0.292486
13 0.204644 0.422515 0.0320455 0.0962169 0.266465
