0 0.860108 0.542158 0.120405 0.595193 0.934206
0 0.685221 0.516597 0.127153 0.64655 0.932164
0 0.207587 0.410384 0.0388757 0.201262 0.874004
0 0.0738233 0.388867 0.039018 0.18189 0.852935
0 0.248735 0.414313 0.045608 0.215025 0.84883
0 0.00977462 0.394674 0.0194955 0.157459 0.753558
13 0.231446 0.420566 0.158671 0.100065 0.74689
0 0.40078 0.390001 0.0382751 0.0632083 0.727115
0 0.0334597 0.393352 0.020775 0.159978 0.69875
0 0.124358 0.385413 0.0383652 0.178918 0.691515
41 0.682361 0.274776 0.025983 0.0424553 0.451511
13 0.288456 0.422924 0.0452749 0.0934017 0.440281
