0 0.471663 0.511517 0.120315 0.564687 0.939525
0 0.585916 0.517454 0.118382 0.553939 0.93754
0 0.042722 0.454214 0.0853236 0.453155 0.931999
0 0.929572 0.408724 0.0901688 0.384538 0.907724
0 0.208023 0.472506 0.0822078 0.40865 0.88845
0 0.143755 0.391448 0.0417802 0.178598 0.738178
13 0.273992 0.417049 0.0627357 0.0950672 0.73489
0 0.09634 0.381611 0.0390318 0.191012 0.689835
0 0.349763 0.376 0.0213009 0.0886665 0.626089
0 0.122926 0.376846 0.0287152 0.171631 0.525471
0 0.398342 0.386616 0.02816 0.0618839 0.407407
13 0.229836 0.417266 0.151927 0.0948986 0.322454
