0 0.612604 0.525975 0.122359 0.551781 0.927057
0 0.481895 0.516064 0.100943 0.572162 0.925528
0 0.0608697 0.457596 0.0940538 0.459448 0.910468
0 0.23164 0.472757 0.0888545 0.413174 0.885448
0 0.95517 0.419255 0.0779598 0.410577 0.854351
0 0.110252 0.390712 0.0342709 0.179387 0.726935
13 0.230755 0.416626 0.152489 0.0954442 0.723304
0 0.348453 0.379829 0.0217625 0.0798949 0.718638
0 0.150243 0.395202 0.0339045 0.186677 0.68512
0 0.400314 0.388476 0.0291513 0.0588633 0.406222
0 0.393988 0.35967 0.0209885 0.0678896 0.364238
13 0.180044 0.403978 0.0414505 0.0668664 0.269888
