0 0.909312 0.526594 0.15268 0.716525 0.91687
0 0.293179 0.415223 0.0440968 0.223531 0.851138
0 0.241542 0.415436 0.0474638 0.206616 0.823942
0 0.0713312 0.388673 0.0342513 0.179169 0.793224
0 0.0150453 0.394473 0.0300534 0.160969 0.778872
0 0.20808 0.348159 0.0242081 0.0579398 0.732894
0 0.154978 0.383065 0.0312849 0.187882 0.726573
13 0.192311 0.421376 0.064389 0.0919898 0.716218
0 0.401972 0.39123 0.0359276 0.0597518 0.704566
0 0.395292 0.364732 0.0148718 0.0667279 0.591979
41 0.9089 0.261955 0.0279285 0.04757 0.580213
13 0.215432 0.421355 0.111674 0.0936779 0.367708
