0 0.886642 0.543366 0.128684 0.595641 0.938358
0 0.709164 0.518506 0.125843 0.647093 0.92703
0 0.253878 0.413486 0.0487512 0.217739 0.884255
0 0.209809 0.410694 0.0442568 0.203522 0.871103
0 0.0728681 0.390606 0.0374199 0.177817 0.83199
0 0.0116761 0.396726 0.0233273 0.159916 0.767181
13 0.231258 0.420763 0.159856 0.101814 0.761368
0 0.13158 0.382834 0.032456 0.183491 0.700521
0 0.034446 0.397561 0.0201802 0.154189 0.654183
0 0.405553 0.39091 0.0289916 0.0603643 0.637045
13 0.291505 0.422761 0.0392192 0.0928078 0.369453
0 0.395333 0.370009 0.0158707 0.0792523 0.32225
41 0.704241 0.276133 0.0262274 0.0429438 0.314927
35 0.938568 0.512103 0.024526 0.04994 0.266021
