0 0.650869 0.529432 0.141711 0.616479 0.946309
0 0.799483 0.540894 0.160174 0.599249 0.943198
0 0.140562 0.468482 0.100488 0.477937 0.909929
0 0.259383 0.481299 0.086531 0.440929 0.894023
0 0.333734 0.378861 0.0248135 0.0818108 0.778609
0 0.404167 0.389358 0.0311226 0.0612103 0.734972
0 0.071136 0.386815 0.0298998 0.152636 0.69777
0 0.188478 0.390624 0.025019 0.161991 0.540764
0 0.0907515 0.382858 0.0225584 0.16261 0.497058
13 0.212669 0.422179 0.0333636 0.0972863 0.461205
56 0.298522 0.423666 0.0215483 0.0940854 0.364708
13 0.298674 0.423219 0.0214338 0.0939325 0.310579
0 0.513071 0.399144 0.0132265 0.0414356 0.300721
