0 0.883757 0.541435 0.130088 0.598826 0.939881
0 0.705244 0.517095 0.127141 0.646724 0.934872
0 0.20896 0.409526 0.0431835 0.20223 0.875059
0 0.253202 0.414082 0.0478221 0.214441 0.873466
0 0.073105 0.390739 0.0377254 0.178191 0.836673
0 0.0113732 0.397187 0.0227206 0.159038 0.757574
13 0.230999 0.421448 0.159966 0.0975077 0.751387
0 0.131151 0.382761 0.0319521 0.182587 0.671654
0 0.0344566 0.39764 0.0202474 0.15396 0.669103
0 0.405522 0.390591 0.029031 0.0613766 0.620136
13 0.291053 0.42269 0.0401224 0.0932748 0.389547
0 0.395023 0.369597 0.0160575 0.0781584 0.304381
0 0.584824 0.400696 0.00820055 0.0338703 0.270392
