0 0.483536 0.514175 0.101207 0.576994 0.922719
0 0.615045 0.526709 0.114944 0.550536 0.921118
0 0.0613713 0.457439 0.0918008 0.458993 0.910959
0 0.233582 0.472775 0.089152 0.414747 0.869207
0 0.958736 0.41777 0.0781475 0.396713 0.859336
0 0.348773 0.379705 0.0218269 0.0804036 0.710291
0 0.112293 0.391724 0.0331833 0.177861 0.701198
13 0.231254 0.417522 0.152321 0.0963028 0.670777
0 0.151169 0.394093 0.0332156 0.184172 0.643844
0 0.400426 0.388844 0.0293865 0.0573681 0.354635
0 0.39402 0.361976 0.0209863 0.0708294 0.315454
