0 0.255844 0.413766 0.0455707 0.216498 0.87768
0 0.317524 0.419481 0.0520351 0.230216 0.877199
0 0.0831715 0.387842 0.0390134 0.184597 0.854261
0 0.0193395 0.392579 0.038679 0.171256 0.831001
0 0.183624 0.38398 0.0460666 0.188598 0.688141
0 0.395578 0.36425 0.0138067 0.0666555 0.577102
0 0.989167 0.491956 0.0208212 0.396641 0.480944
0 0.408657 0.391391 0.0236119 0.0604251 0.480327
0 0.132106 0.39446 0.0173038 0.0786034 0.441852
0 0.582894 0.401667 0.0111582 0.0301504 0.379251
13 0.228432 0.422816 0.141647 0.0991431 0.315979
13 0.195204 0.421184 0.0789234 0.104925 0.287787
0 0.0516393 0.393769 0.0337626 0.173004 0.269529
