0 0.915869 0.545476 0.142756 0.679717 0.928994
0 0.386715 0.491598 0.101402 0.471489 0.926207
0 0.225232 0.478614 0.100799 0.511377 0.911847
0 0.135958 0.385536 0.0305614 0.177476 0.816673
0 0.0968109 0.382139 0.0330683 0.171658 0.796142
0 0.164288 0.399272 0.0312722 0.192548 0.781042
13 0.290285 0.422308 0.0400707 0.0946669 0.73724
0 0.0325626 0.387001 0.0218747 0.154025 0.70545
0 0.0734089 0.38755 0.0231344 0.160957 0.651538
0 0.321509 0.376227 0.0247059 0.0836099 0.622472
41 0.980677 0.553991 0.0127676 0.0447472 0.559705
0 0.988221 0.415368 0.022732 0.174322 0.266195
