0 0.969358 0.532195 0.0604534 0.666717 0.888756
0 0.255505 0.414293 0.0461851 0.219141 0.886737
0 0.173517 0.384933 0.040586 0.185758 0.877269
0 0.0804845 0.391085 0.0398884 0.183691 0.862134
0 0.318925 0.419491 0.0500235 0.228956 0.860283
0 0.0188252 0.394729 0.0376504 0.168289 0.816109
0 0.203473 0.349736 0.0181335 0.0538325 0.63683
0 0.404345 0.39146 0.030595 0.0589937 0.632374
13 0.210903 0.423597 0.0490178 0.095114 0.604049
0 0.132741 0.395629 0.0164112 0.078164 0.592169
0 0.395329 0.364672 0.0151059 0.0668532 0.547423
13 0.244078 0.423745 0.114885 0.0975886 0.498326
