0 0.880903 0.525796 0.135154 0.708561 0.921871
0 0.289566 0.414131 0.0450383 0.220994 0.870277
0 0.238097 0.41461 0.0466571 0.210204 0.862188
0 0.0712904 0.387226 0.0337107 0.184391 0.826862
13 0.191542 0.420952 0.0629655 0.0923771 0.814805
0 0.014393 0.392686 0.0287372 0.163598 0.803108
0 0.209703 0.350747 0.0196614 0.0530165 0.74955
0 0.401877 0.391493 0.0360907 0.0583785 0.743147
41 0.884722 0.255229 0.028124 0.048209 0.725698
0 0.395319 0.364688 0.0148862 0.0667141 0.611832
0 0.0361927 0.392841 0.0170697 0.160303 0.45498
0 0.152448 0.370758 0.029679 0.193191 0.428024
0 0.992065 0.498461 0.0150391 0.338871 0.359444
0 0.306125 0.436706 0.0128969 0.0650063 0.262093
