0 0.846948 0.543352 0.111274 0.590366 0.939987
0 0.669605 0.517601 0.121003 0.642726 0.928856
0 0.208105 0.410169 0.0397031 0.200867 0.871063
0 0.246637 0.413463 0.046697 0.216938 0.86013
0 0.0736007 0.388641 0.038307 0.18089 0.848599
13 0.231192 0.421869 0.159523 0.0993729 0.808704
0 0.00960933 0.393368 0.01896 0.158526 0.776675
0 0.121796 0.387466 0.0403011 0.17706 0.751297
0 0.400439 0.390032 0.0388411 0.0630437 0.723082
0 0.033099 0.393624 0.0210716 0.160378 0.685827
13 0.287296 0.422537 0.0474621 0.0935308 0.314722
0 0.394346 0.367885 0.0173542 0.0741597 0.271987
35 0.723093 0.562401 0.0161541 0.0446181 0.260413
