0 0.92351 0.547055 0.130749 0.614961 0.917254
0 0.7597 0.519588 0.133073 0.67179 0.904501
0 0.217832 0.409777 0.0420062 0.204445 0.859043
0 0.262738 0.413592 0.0414497 0.218337 0.82081
0 0.0696598 0.390506 0.0309342 0.178138 0.813563
0 0.0120889 0.400173 0.0241696 0.155169 0.782934
0 0.405445 0.390681 0.0284785 0.0597405 0.690876
0 0.132834 0.379372 0.0406224 0.189203 0.672265
0 0.035189 0.395455 0.0190707 0.153909 0.64525
13 0.233321 0.422335 0.155073 0.0947506 0.624904
0 0.394793 0.366353 0.0158581 0.0707297 0.498562
13 0.293602 0.422898 0.034652 0.0929231 0.459182
0 0.584448 0.400883 0.0088398 0.0338847 0.323243
13 0.179516 0.42116 0.0481576 0.0920775 0.315417
0 0.516374 0.402433 0.0112326 0.0360111 0.270624
