0 0.947864 0.547203 0.103623 0.645918 0.937186
0 0.355957 0.486673 0.0891575 0.464922 0.921759
0 0.839691 0.540794 0.118536 0.662065 0.918747
0 0.210165 0.474194 0.100095 0.502013 0.898186
13 0.281058 0.423232 0.0605404 0.093176 0.862524
0 0.102655 0.378772 0.0349005 0.168418 0.837858
0 0.0751524 0.388477 0.0256768 0.158984 0.780569
0 0.135553 0.383657 0.0290922 0.171702 0.760827
0 0.159698 0.398546 0.0299079 0.188368 0.653635
0 0.406748 0.389536 0.0262474 0.0588988 0.409122
0 0.0305511 0.383043 0.0269383 0.145158 0.365826
