0 0.91804 0.533436 0.160441 0.704347 0.927553
0 0.243037 0.415505 0.0498104 0.20763 0.855812
0 0.293955 0.41579 0.0455807 0.224485 0.833681
0 0.0716561 0.388943 0.0342621 0.177506 0.802987
0 0.0149048 0.395001 0.0297698 0.160377 0.778807
0 0.207786 0.347968 0.0243895 0.0587674 0.774792
13 0.192631 0.421818 0.0645462 0.0926273 0.759287
0 0.156796 0.38232 0.0336894 0.184878 0.717394
0 0.404374 0.391338 0.0307897 0.0591341 0.61549
0 0.395281 0.364636 0.0149715 0.0664827 0.57676
13 0.217391 0.422151 0.114892 0.0934704 0.318831
