0 0.655794 0.531851 0.149742 0.616772 0.94563
0 0.801527 0.541147 0.15523 0.600996 0.94475
0 0.141235 0.468913 0.101175 0.478255 0.907365
0 0.263318 0.48305 0.0861839 0.440924 0.899404
0 0.333706 0.378905 0.0254317 0.082108 0.788455
0 0.404361 0.389454 0.0306991 0.0607703 0.723265
0 0.0711558 0.386403 0.0306546 0.151545 0.695483
0 0.188959 0.390357 0.0250393 0.161713 0.568379
0 0.0923226 0.382708 0.0261885 0.164015 0.497812
13 0.212973 0.422552 0.0339701 0.0962674 0.445479
56 0.299964 0.422581 0.0204277 0.0931583 0.393375
