0 0.47118 0.507535 0.118323 0.564961 0.937918
0 0.0419335 0.451994 0.0836304 0.454944 0.932266
0 0.581091 0.518244 0.123305 0.544678 0.931875
0 0.921603 0.410695 0.0890743 0.381343 0.905342
0 0.205158 0.469909 0.0839863 0.408997 0.90299
13 0.271321 0.416054 0.0669271 0.0966987 0.83841
0 0.138442 0.392587 0.0365108 0.18209 0.709484
0 0.0949525 0.383254 0.0399027 0.180164 0.657176
0 0.349748 0.377566 0.0217835 0.0844071 0.56797
0 0.121245 0.371668 0.0278494 0.162257 0.411249
0 0.397911 0.384586 0.0285266 0.0639011 0.317001
