0 0.767752 0.530294 0.116887 0.569921 0.945406
0 0.573926 0.506764 0.126084 0.620567 0.94009
0 0.0768598 0.388233 0.0391636 0.181238 0.856346
0 0.236711 0.408502 0.0444759 0.209675 0.840048
13 0.233521 0.421231 0.155006 0.0995228 0.825635
0 0.0161291 0.39429 0.0322581 0.165883 0.814759
0 0.204126 0.408381 0.0302186 0.195675 0.801364
0 0.126078 0.386478 0.0295628 0.176546 0.715857
0 0.402774 0.390733 0.0349352 0.0620765 0.683601
0 0.256847 0.353297 0.0184536 0.0551168 0.348917
9 0.234617 0.327784 0.0145539 0.0448378 0.291803
