0 0.952294 0.533972 0.094582 0.718949 0.932864
0 0.314959 0.418304 0.0563229 0.232375 0.872024
0 0.0782304 0.389857 0.041692 0.184173 0.87113
0 0.247574 0.413621 0.0424089 0.217691 0.866953
0 0.0129647 0.396718 0.025865 0.164137 0.801434
0 0.164179 0.381101 0.0392086 0.186522 0.79662
13 0.204873 0.422521 0.0526619 0.0933494 0.756824
0 0.205195 0.346642 0.0204104 0.060284 0.713057
0 0.406538 0.39137 0.0264744 0.0592057 0.633853
0 0.395215 0.364516 0.0150992 0.0667418 0.547618
0 0.134754 0.394982 0.0186523 0.0835288 0.534376
0 0.204959 0.365939 0.0212973 0.0972345 0.277657
26 0.29288 0.461817 0.0137081 0.0540285 0.269747
