0 0.588089 0.516695 0.102699 0.557854 0.931621
0 0.476112 0.519188 0.118236 0.56218 0.931488
0 0.0495203 0.459065 0.0899339 0.453425 0.922545
0 0.941524 0.403723 0.0809933 0.393522 0.898593
0 0.220581 0.472468 0.0849699 0.413791 0.877358
0 0.145182 0.393004 0.0360378 0.181292 0.767724
0 0.349287 0.376354 0.020971 0.0861806 0.695196
13 0.230681 0.416898 0.151982 0.0942466 0.679655
0 0.102929 0.391243 0.0330167 0.175362 0.565152
0 0.125216 0.381185 0.0277994 0.176374 0.514108
0 0.400123 0.386897 0.0288164 0.0617433 0.385052
0 0.392992 0.363726 0.0205895 0.0780628 0.364707
13 0.280433 0.417374 0.0526003 0.0950731 0.262389
