0 0.499101 0.504475 0.103445 0.513771 0.934469
0 0.329032 0.488271 0.103258 0.555297 0.917546
0 0.0880381 0.384774 0.039171 0.17464 0.824389
13 0.262951 0.421663 0.0665662 0.0952296 0.780836
0 0.215454 0.409851 0.0438434 0.203648 0.761471
0 0.0274056 0.391247 0.0301466 0.164757 0.753312
0 0.123612 0.380701 0.0315666 0.172402 0.702325
0 0.183356 0.408722 0.0324964 0.188489 0.678219
0 0.405046 0.390861 0.0304524 0.0612964 0.565574
13 0.225279 0.420788 0.141694 0.0976545 0.371946
0 0.0615543 0.378853 0.0147942 0.136615 0.369985
