0 0.256123 0.414022 0.0453683 0.217535 0.889015
0 0.317643 0.418631 0.0503617 0.227119 0.883409
0 0.973704 0.53495 0.0517645 0.496901 0.870167
0 0.0812494 0.395097 0.0389373 0.193243 0.839122
0 0.174483 0.384163 0.0385338 0.185052 0.826735
0 0.0188577 0.394408 0.0377154 0.168946 0.822747
0 0.201928 0.349444 0.0199595 0.0560438 0.622219
0 0.133141 0.395298 0.0162131 0.0767131 0.574756
0 0.395448 0.364178 0.013601 0.0665441 0.533476
13 0.243551 0.423018 0.108735 0.0965055 0.519361
0 0.40858 0.391435 0.0237432 0.06039 0.470962
13 0.212348 0.423509 0.0470244 0.095469 0.41401
0 0.582846 0.401316 0.0111418 0.0312229 0.331383
13 0.283261 0.424105 0.0301602 0.0934278 0.290024
