0 0.588127 0.516301 0.102699 0.558491 0.931328
0 0.476029 0.518936 0.118174 0.561995 0.929119
0 0.0493841 0.45909 0.0901652 0.453639 0.923254
0 0.941543 0.40357 0.0812782 0.393454 0.888459
0 0.220573 0.472569 0.0849697 0.41379 0.877021
0 0.145183 0.392651 0.0363498 0.181202 0.742654
0 0.349273 0.376411 0.0209671 0.0863551 0.698222
13 0.230854 0.416857 0.151652 0.0944051 0.673529
0 0.102895 0.391109 0.0330421 0.175626 0.493706
0 0.125244 0.381492 0.0279447 0.176891 0.446367
0 0.393802 0.364555 0.021776 0.0794919 0.387606
0 0.400215 0.387954 0.0286391 0.059504 0.328422
13 0.280474 0.417357 0.0525923 0.0952033 0.259149
