0 0.750229 0.531398 0.107552 0.567776 0.935483
0 0.559734 0.508496 0.122139 0.61678 0.93025
0 0.235467 0.407365 0.0420945 0.210638 0.832085
0 0.0763581 0.387762 0.0393294 0.182094 0.831178
13 0.233229 0.420517 0.154782 0.100818 0.823018
0 0.205151 0.407618 0.0299318 0.199393 0.796864
0 0.0152625 0.395457 0.0305249 0.162323 0.790686
0 0.126611 0.386488 0.0292471 0.175885 0.699079
0 0.402827 0.390741 0.0349949 0.0617235 0.664276
41 0.557018 0.276997 0.0237153 0.0404019 0.453283
0 0.256622 0.353191 0.0169027 0.0539637 0.432133
