0 0.857435 0.543457 0.133028 0.665486 0.934818
0 0.954124 0.550631 0.0909166 0.638203 0.93061
0 0.36384 0.486063 0.0976418 0.467302 0.917258
0 0.213085 0.473812 0.100419 0.503033 0.909756
13 0.283747 0.423222 0.0531879 0.0932812 0.85448
0 0.102087 0.38182 0.0341025 0.168076 0.833601
0 0.075018 0.389935 0.0246781 0.157685 0.769422
0 0.135123 0.379218 0.0293776 0.161191 0.696837
0 0.159235 0.398606 0.030972 0.188055 0.66463
0 0.0304776 0.386924 0.0261184 0.151563 0.54718
0 0.409459 0.408625 0.0212515 0.0981083 0.257062
