0 0.577043 0.516745 0.127177 0.544271 0.940971
0 0.469461 0.508127 0.113868 0.563522 0.936153
0 0.0423987 0.450096 0.0846146 0.453993 0.933044
0 0.915949 0.41176 0.0873373 0.38838 0.911292
0 0.200866 0.466212 0.0848108 0.410743 0.902707
13 0.270747 0.416218 0.0687197 0.09536 0.838542
0 0.136547 0.388571 0.037257 0.189188 0.668455
0 0.350162 0.377756 0.0212504 0.0841806 0.610915
0 0.0906074 0.380967 0.0360473 0.184822 0.609577
0 0.119548 0.372664 0.0273388 0.164581 0.300389
0 0.396589 0.384417 0.0275653 0.0637149 0.286268
