0 0.815803 0.524847 0.139024 0.680659 0.930218
0 0.954247 0.553029 0.0907558 0.629399 0.921083
0 0.07292 0.387558 0.0378917 0.185942 0.857697
0 0.271547 0.418136 0.0449449 0.21733 0.83586
0 0.401946 0.390984 0.0354427 0.0591125 0.757223
0 0.224181 0.411232 0.0446602 0.203514 0.749063
0 0.00769056 0.397115 0.0153811 0.159758 0.719473
0 0.135311 0.376462 0.0370201 0.197341 0.689316
0 0.031572 0.393807 0.0262491 0.157931 0.663866
13 0.181315 0.420684 0.0518743 0.0914722 0.582687
0 0.394818 0.364886 0.0155966 0.0671659 0.511148
41 0.81209 0.266923 0.0258045 0.0440269 0.507431
56 0.298692 0.423108 0.0243033 0.0928651 0.491493
13 0.233741 0.422217 0.156475 0.0981914 0.431728
13 0.298864 0.42296 0.0241808 0.0929852 0.372428
