0 0.948866 0.533103 0.101514 0.720141 0.923396
0 0.244313 0.414283 0.0490718 0.213697 0.859241
0 0.0753508 0.388167 0.0418713 0.187299 0.85736
0 0.304891 0.417696 0.0455861 0.235345 0.838464
0 0.0117552 0.39273 0.0234017 0.165168 0.800769
0 0.161181 0.380974 0.0401992 0.184634 0.797073
0 0.206316 0.350207 0.0225546 0.0534247 0.749154
13 0.198982 0.42016 0.0557921 0.0884844 0.746928
0 0.406156 0.39137 0.0272266 0.0590973 0.616849
0 0.395236 0.364624 0.0149837 0.066689 0.538828
0 0.136077 0.394092 0.0187119 0.0747514 0.520651
0 0.034835 0.382904 0.0186656 0.139644 0.338387
