0 0.804315 0.537046 0.118018 0.613597 0.938761
0 0.6896 0.535674 0.121062 0.620431 0.932157
0 0.280423 0.484796 0.0822295 0.442973 0.907866
0 0.159233 0.477946 0.0961332 0.47011 0.905075
0 0.333632 0.381231 0.0274025 0.0796463 0.775038
0 0.404175 0.389229 0.0304703 0.0615024 0.70821
0 0.106074 0.378218 0.0242905 0.17007 0.679423
0 0.0674942 0.387771 0.0253555 0.149024 0.656204
0 0.0895673 0.387192 0.0208343 0.154228 0.627879
35 0.290398 0.389776 0.0391375 0.0359477 0.623517
13 0.228094 0.423378 0.0493631 0.0982722 0.588619
