0 0.955459 0.536291 0.0882837 0.711238 0.927693
0 0.0794381 0.391837 0.0416844 0.18609 0.860023
0 0.250951 0.411274 0.0433023 0.215676 0.85774
0 0.316197 0.419832 0.0529444 0.228224 0.837815
0 0.169251 0.383124 0.040686 0.186775 0.790609
0 0.0155653 0.398048 0.0311227 0.16501 0.787029
0 0.204698 0.347353 0.0195769 0.0589951 0.677331
13 0.207816 0.422323 0.0512989 0.0973114 0.649506
0 0.133214 0.393933 0.016546 0.0832943 0.630996
0 0.405587 0.391456 0.0283045 0.0589472 0.62238
0 0.395208 0.364572 0.0149793 0.066647 0.54303
13 0.242244 0.421825 0.117982 0.101628 0.444289
