0 0.836413 0.540542 0.130595 0.587715 0.933823
0 0.647 0.513917 0.132136 0.635078 0.903397
0 0.205917 0.408423 0.0399089 0.204187 0.867367
0 0.244283 0.412075 0.0430787 0.212104 0.851814
13 0.230379 0.421126 0.160701 0.102374 0.837611
0 0.0726798 0.390694 0.0360277 0.177219 0.812189
0 0.0114706 0.394232 0.0229033 0.166347 0.755723
0 0.120779 0.38568 0.0386708 0.181646 0.741026
0 0.401231 0.390821 0.0379862 0.0623239 0.704855
0 0.0331809 0.396246 0.020993 0.154372 0.526351
41 0.643859 0.276823 0.0233138 0.0400952 0.257041
