0 0.374928 0.488114 0.0996007 0.460816 0.925858
0 0.877438 0.553992 0.141184 0.660532 0.922556
0 0.966973 0.557525 0.0651289 0.624518 0.912422
0 0.216667 0.475386 0.09618 0.503364 0.899108
0 0.0999521 0.383254 0.032658 0.167939 0.810312
0 0.135628 0.385117 0.028391 0.17539 0.808739
13 0.281501 0.422357 0.0601584 0.0944868 0.807306
0 0.160403 0.397133 0.0317419 0.192037 0.778991
0 0.074129 0.3909 0.0246836 0.156342 0.762458
0 0.0322849 0.386672 0.0221181 0.15311 0.646712
0 0.320852 0.377142 0.0196669 0.0765781 0.551587
29 0.872748 0.516124 0.0288383 0.0401837 0.386164
