0 0.609324 0.524527 0.120269 0.555432 0.930667
0 0.480574 0.517255 0.104443 0.56932 0.924236
0 0.0585975 0.458261 0.091415 0.458034 0.916304
0 0.230432 0.472872 0.08939 0.414583 0.885092
0 0.950278 0.413607 0.077039 0.405518 0.873319
13 0.230677 0.416575 0.152 0.0955358 0.712929
0 0.348672 0.379518 0.021691 0.0806608 0.703
0 0.108948 0.39012 0.0337545 0.179375 0.702777
0 0.149905 0.395218 0.0345914 0.187057 0.66921
0 0.400109 0.38864 0.0294065 0.0587527 0.368257
13 0.287613 0.417561 0.0396919 0.09621 0.334606
0 0.393139 0.364073 0.0206737 0.0755578 0.326309
