0 0.599445 0.529429 0.126275 0.60663 0.92907
0 0.734755 0.538594 0.111552 0.586137 0.915478
0 0.121948 0.469301 0.0941565 0.468686 0.913592
0 0.252952 0.481429 0.0843982 0.435797 0.905732
0 0.338386 0.381156 0.0231249 0.0804394 0.72662
0 0.179341 0.402486 0.033063 0.182394 0.723529
0 0.403579 0.389673 0.030446 0.0622911 0.623826
56 0.294529 0.421741 0.0301598 0.0998598 0.514895
0 0.0721202 0.386838 0.0332766 0.150829 0.339874
13 0.206611 0.423646 0.0358869 0.0979112 0.329239
0 0.511383 0.398552 0.0133423 0.0425576 0.323898
