0 0.566743 0.514124 0.111032 0.526131 0.938407
0 0.396026 0.50033 0.109329 0.567076 0.929313
0 0.222485 0.407409 0.0421292 0.205551 0.796249
13 0.233418 0.42183 0.15441 0.0998749 0.78177
0 0.084497 0.385527 0.0344694 0.172937 0.771849
0 0.275854 0.353361 0.0266646 0.0524936 0.746097
0 0.19714 0.40272 0.0314919 0.195355 0.743482
0 0.121453 0.381362 0.0335121 0.17878 0.727432
0 0.028291 0.394267 0.0295817 0.157721 0.707855
41 0.389483 0.281545 0.0227895 0.0386364 0.37937
13 0.27423 0.422937 0.0725583 0.0936352 0.324252
0 0.0615745 0.37929 0.0135395 0.134873 0.290852
32 0.558896 0.225838 0.00966301 0.0257819 0.257124
