0 0.740873 0.536626 0.102229 0.590823 0.936131
0 0.610216 0.53344 0.132664 0.598966 0.931642
0 0.124859 0.470403 0.093022 0.46962 0.921592
0 0.253647 0.483103 0.0841238 0.432295 0.908534
56 0.293885 0.422054 0.0306019 0.0975073 0.668134
0 0.33815 0.380982 0.0229371 0.0828744 0.664119
0 0.404069 0.389433 0.030306 0.0599692 0.619974
0 0.182891 0.400902 0.0341938 0.185711 0.613482
0 0.0680978 0.384747 0.0238476 0.146668 0.599841
0 0.395357 0.368103 0.0161252 0.0777644 0.403104
13 0.209541 0.423092 0.0302982 0.0951708 0.356825
