0 0.824126 0.535778 0.122761 0.5856 0.935479
0 0.634222 0.511762 0.11932 0.635726 0.925906
0 0.205116 0.408627 0.0413209 0.20523 0.882451
0 0.244681 0.414644 0.0431054 0.209176 0.843008
13 0.230475 0.421403 0.160547 0.101659 0.837648
0 0.0722825 0.392344 0.0363172 0.180864 0.819872
0 0.0118286 0.395268 0.0236194 0.165389 0.767354
0 0.121053 0.384349 0.0393608 0.179435 0.752922
0 0.401166 0.39083 0.0381021 0.0623192 0.699844
0 0.0335951 0.395751 0.0203207 0.156447 0.515271
29 0.582192 0.58851 0.0187743 0.10339 0.46506
