0 0.704448 0.52735 0.126097 0.581887 0.93517
0 0.547973 0.529792 0.117077 0.585885 0.935083
0 0.0949782 0.469453 0.088772 0.457552 0.911845
0 0.243695 0.480058 0.0844585 0.427608 0.896542
0 0.170105 0.399273 0.0341149 0.183682 0.757835
0 0.341517 0.378187 0.025152 0.0827002 0.73028
0 0.137909 0.390525 0.0259435 0.179332 0.628108
13 0.293171 0.42056 0.0329025 0.0998563 0.486465
0 0.403225 0.390136 0.0305927 0.0625085 0.336008
0 0.394734 0.367915 0.0186132 0.0767892 0.299324
13 0.247694 0.421696 0.12222 0.0962452 0.262061
