0 0.679853 0.528936 0.143576 0.565479 0.937908
0 0.534158 0.523098 0.113261 0.584177 0.929597
0 0.0828074 0.461914 0.0975768 0.46991 0.915668
0 0.238438 0.475651 0.090205 0.427891 0.897799
0 0.978147 0.418631 0.0429359 0.396547 0.849774
0 0.344475 0.38068 0.0226803 0.0775289 0.741878
0 0.165111 0.396826 0.0380939 0.182657 0.739069
13 0.291084 0.419878 0.03689 0.102197 0.636956
0 0.128473 0.384425 0.0311527 0.15813 0.589518
0 0.403149 0.389065 0.0284708 0.0628515 0.475856
0 0.394334 0.369432 0.0189685 0.0821396 0.323673
