0 0.611318 0.535099 0.133492 0.598517 0.937343
0 0.742507 0.535881 0.0995735 0.592807 0.93514
0 0.126608 0.471745 0.0940055 0.466383 0.91934
0 0.253641 0.482961 0.0837889 0.432235 0.908257
0 0.337785 0.38099 0.0235402 0.0826228 0.727665
0 0.404008 0.389142 0.0303926 0.0602166 0.665573
0 0.0695333 0.385817 0.0272489 0.1492 0.631033
56 0.29371 0.421833 0.0309647 0.0975581 0.627642
0 0.395252 0.368537 0.0163616 0.0784624 0.412216
13 0.209359 0.422903 0.0309401 0.0947895 0.366766
0 0.182819 0.399468 0.0327344 0.185195 0.352495
