0 0.569345 0.516146 0.109002 0.530835 0.936015
0 0.400815 0.49971 0.108516 0.575004 0.930977
0 0.225526 0.407883 0.0446276 0.205195 0.800947
0 0.083358 0.386096 0.0369025 0.176418 0.798942
0 0.198118 0.405342 0.0319934 0.197516 0.770598
0 0.0272661 0.394256 0.0293865 0.160147 0.752804
0 0.274718 0.354392 0.0270994 0.0493069 0.748147
13 0.275284 0.422632 0.0715819 0.0933943 0.711726
0 0.120701 0.380356 0.0310341 0.17753 0.693925
13 0.232563 0.421878 0.154036 0.100647 0.610314
0 0.0615203 0.379323 0.0143106 0.134288 0.312945
