0 0.474798 0.51844 0.119411 0.560869 0.933341
0 0.587375 0.516837 0.107081 0.558676 0.927293
0 0.046687 0.458174 0.0895977 0.45343 0.921106
0 0.939203 0.40519 0.0823067 0.393378 0.890359
0 0.217575 0.474074 0.0807751 0.409454 0.878271
0 0.144416 0.392893 0.0371096 0.180184 0.768345
13 0.231981 0.41693 0.149615 0.0947676 0.709746
0 0.349452 0.376259 0.0206134 0.0867507 0.656608
0 0.10183 0.391091 0.0345969 0.173798 0.653965
0 0.124879 0.380086 0.0283672 0.174509 0.429238
0 0.399235 0.386998 0.0290926 0.0634861 0.407366
13 0.278642 0.417346 0.0562076 0.0950824 0.273654
0 0.392076 0.361165 0.0190711 0.0728941 0.270987
