0 0.69736 0.531043 0.142588 0.570895 0.939991
0 0.541997 0.522022 0.121747 0.594786 0.933898
0 0.0869956 0.463477 0.0908769 0.46735 0.905375
0 0.24025 0.478726 0.087573 0.42785 0.897833
0 0.341929 0.378695 0.0225041 0.0819583 0.739601
0 0.167629 0.399216 0.0346643 0.176774 0.655593
0 0.13165 0.395972 0.0289702 0.171215 0.565214
0 0.98617 0.423797 0.0268688 0.316868 0.560216
13 0.291041 0.419933 0.036897 0.103055 0.491597
0 0.40322 0.389965 0.0292057 0.0620965 0.304493
0 0.39459 0.369706 0.0186604 0.0814284 0.273036
