0 0.912212 0.546879 0.131916 0.675908 0.933356
0 0.386344 0.491966 0.101712 0.47115 0.922212
0 0.224297 0.479494 0.100344 0.510153 0.907634
0 0.135994 0.385401 0.0303906 0.17868 0.804276
0 0.097038 0.381012 0.032854 0.170235 0.786751
0 0.163689 0.397923 0.0321017 0.195056 0.784837
13 0.289901 0.42244 0.0415997 0.0940747 0.725274
0 0.0324184 0.38663 0.0219641 0.154549 0.693192
0 0.0734046 0.387642 0.023671 0.160177 0.681762
0 0.98584 0.418927 0.0275513 0.197287 0.655094
0 0.321847 0.377146 0.0246927 0.0842183 0.642907
