0 0.883719 0.541515 0.130208 0.598716 0.939625
0 0.705296 0.517261 0.127061 0.647024 0.934334
0 0.208947 0.409508 0.0431857 0.202113 0.875051
0 0.253211 0.414396 0.0478169 0.215076 0.873305
0 0.0731094 0.390755 0.0377214 0.178248 0.83558
0 0.0114071 0.397206 0.0227889 0.15902 0.755857
13 0.23103 0.421494 0.159866 0.0975512 0.747621
0 0.13114 0.382837 0.031836 0.182653 0.673872
0 0.0344632 0.397631 0.0201993 0.154012 0.668764
0 0.405477 0.390611 0.0290936 0.061548 0.629558
13 0.291056 0.422715 0.0400901 0.09325 0.39016
0 0.395122 0.369693 0.0159987 0.0785079 0.322167
0 0.584461 0.400885 0.00852375 0.0332105 0.258899
