0 0.667084 0.529993 0.11815 0.544206 0.938395
0 0.482463 0.507011 0.114027 0.595329 0.937182
0 0.234071 0.409303 0.0489527 0.2069 0.846067
0 0.0774264 0.388527 0.0387986 0.180355 0.835822
13 0.23334 0.421522 0.155171 0.0988727 0.82809
0 0.0201249 0.394549 0.0319302 0.16668 0.802136
0 0.207407 0.408346 0.027479 0.198817 0.743705
0 0.262314 0.354747 0.0251563 0.0497108 0.700594
0 0.402526 0.390368 0.034937 0.0638245 0.614636
0 0.12625 0.383571 0.0300741 0.181 0.605194
35 0.660578 0.409456 0.034067 0.039433 0.4283
