0 0.379321 0.491887 0.116746 0.568575 0.939861
0 0.545138 0.509751 0.106687 0.522047 0.934196
0 0.220748 0.410715 0.0394326 0.207554 0.827533
0 0.087787 0.383578 0.0337394 0.179175 0.823003
0 0.121841 0.382697 0.033024 0.173572 0.758955
13 0.23364 0.421989 0.154066 0.0976031 0.727369
0 0.0293796 0.390909 0.0278171 0.162662 0.696244
0 0.28083 0.354012 0.02377 0.0476479 0.683396
0 0.193027 0.405137 0.0320131 0.193105 0.652919
13 0.271705 0.422331 0.0769688 0.0958409 0.561371
0 0.0612957 0.377114 0.0148229 0.130696 0.281912
