0 0.886024 0.526328 0.137163 0.708979 0.918245
0 0.238628 0.415103 0.0464689 0.210095 0.870482
0 0.289668 0.414391 0.0426702 0.220375 0.843031
13 0.192408 0.421667 0.0636969 0.0927929 0.818063
0 0.0712287 0.386634 0.0336352 0.181833 0.815994
0 0.0139752 0.393066 0.0279157 0.162399 0.800445
0 0.401863 0.391368 0.0360914 0.0586369 0.741579
0 0.20924 0.35044 0.0212971 0.0532959 0.737312
0 0.153593 0.375577 0.029387 0.181536 0.625416
0 0.395254 0.364718 0.0148968 0.0666212 0.618015
41 0.889232 0.25576 0.0249237 0.0469895 0.471767
0 0.0364095 0.392824 0.0163353 0.156144 0.384578
