0 0.612562 0.523713 0.101644 0.54203 0.927873
0 0.444029 0.502067 0.11424 0.585855 0.92637
0 0.0827929 0.387217 0.038789 0.187877 0.841097
0 0.0244085 0.394694 0.0333191 0.162412 0.837181
0 0.229599 0.409073 0.0417093 0.207249 0.812763
0 0.266886 0.353638 0.0258611 0.0490178 0.788295
13 0.233426 0.420429 0.154228 0.0968165 0.737871
0 0.124984 0.382592 0.0327159 0.180217 0.731543
13 0.276934 0.421363 0.0689743 0.0956406 0.636407
0 0.205143 0.406683 0.0305517 0.19826 0.483102
28 0.208288 0.457796 0.0266453 0.0986638 0.29172
0 0.204823 0.352435 0.0283694 0.0884941 0.276527
13 0.179447 0.420998 0.0475667 0.0945979 0.269974
