0 0.845441 0.545063 0.114774 0.587429 0.934426
0 0.662523 0.518757 0.121928 0.640833 0.929578
0 0.208642 0.409952 0.0408653 0.201203 0.862496
0 0.0737033 0.388657 0.0382216 0.179535 0.851915
0 0.246058 0.413016 0.0460392 0.216096 0.85047
13 0.231339 0.422033 0.159304 0.0990707 0.816245
0 0.121142 0.387076 0.0399728 0.177048 0.796693
0 0.00957623 0.392589 0.0188964 0.159558 0.778792
0 0.400452 0.390026 0.0388609 0.063133 0.723936
0 0.0330749 0.393784 0.0208128 0.15903 0.701014
0 0.394378 0.367754 0.0172979 0.0740212 0.285958
13 0.286991 0.42257 0.0481492 0.0933423 0.280569
0 0.584892 0.400946 0.00794821 0.0342594 0.270445
