0 0.560957 0.51134 0.114566 0.527915 0.929817
0 0.38947 0.496986 0.108462 0.568323 0.926288
13 0.233677 0.421786 0.155377 0.0997816 0.79581
0 0.222304 0.40522 0.0387283 0.203931 0.795431
0 0.08568 0.385532 0.0330945 0.178756 0.762668
0 0.121736 0.381578 0.0346336 0.178807 0.740357
0 0.0292376 0.392041 0.0280078 0.160486 0.730757
0 0.277366 0.352355 0.0247967 0.0532967 0.692686
0 0.194965 0.402002 0.0320973 0.194796 0.645004
13 0.273814 0.422989 0.0744339 0.0944855 0.421398
32 0.558908 0.225979 0.0100762 0.0261615 0.350264
