0 0.518306 0.502222 0.121271 0.61071 0.931653
0 0.715757 0.529102 0.134213 0.557856 0.922924
0 0.0723954 0.389114 0.0366309 0.179361 0.839973
0 0.234837 0.40909 0.0415397 0.20924 0.831054
0 0.20623 0.410592 0.0309199 0.202963 0.824581
0 0.0153229 0.393045 0.030625 0.16701 0.807186
0 0.125244 0.385383 0.0306944 0.178512 0.69737
0 0.260143 0.353061 0.0202795 0.0513433 0.690632
13 0.232885 0.421375 0.154164 0.100191 0.68832
13 0.279903 0.422276 0.061944 0.0941324 0.64895
0 0.402871 0.390702 0.0353138 0.0616923 0.631169
13 0.177413 0.421439 0.0439134 0.0942222 0.346841
41 0.513482 0.273126 0.0238682 0.0410433 0.329728
