0 0.888186 0.550045 0.128004 0.668569 0.927957
0 0.384973 0.493301 0.103838 0.463892 0.913694
0 0.220725 0.479917 0.0988956 0.504825 0.86815
0 0.135355 0.384204 0.0296873 0.176781 0.808612
0 0.0979146 0.382022 0.0325361 0.167801 0.808575
0 0.981368 0.586737 0.0364794 0.549541 0.787437
13 0.289733 0.422568 0.0441839 0.0943905 0.786551
0 0.0323144 0.385972 0.0222116 0.155306 0.731488
0 0.0735006 0.388939 0.0241023 0.160178 0.729379
0 0.322039 0.377564 0.0232951 0.0810983 0.64013
0 0.162886 0.396495 0.0333626 0.191672 0.627954
35 0.985583 0.796062 0.0280918 0.141121 0.262649
