0 0.492514 0.505258 0.102645 0.509778 0.930068
0 0.325267 0.492593 0.10782 0.548089 0.923234
0 0.0885908 0.384543 0.0360172 0.173141 0.795757
0 0.213414 0.407155 0.0436456 0.202617 0.76128
0 0.123551 0.382239 0.0298185 0.172346 0.701751
0 0.0278648 0.391465 0.0299102 0.164624 0.670889
13 0.25893 0.421465 0.0585902 0.0951041 0.606823
0 0.402374 0.391146 0.0351486 0.0614885 0.512188
0 0.180369 0.404252 0.0394652 0.189592 0.473856
0 0.0623616 0.378222 0.0176624 0.134929 0.398493
13 0.222219 0.421687 0.133352 0.0982521 0.351233
35 0.484803 0.403209 0.0255055 0.0365991 0.265702
