0 0.66073 0.527521 0.119149 0.544759 0.934396
0 0.476994 0.504967 0.111835 0.594852 0.933119
0 0.0804749 0.387881 0.0397069 0.179235 0.83461
0 0.233783 0.40991 0.0479087 0.208203 0.827385
13 0.233346 0.421512 0.155167 0.0991962 0.816857
0 0.207128 0.408759 0.0272768 0.198693 0.782427
0 0.0216925 0.392075 0.0298777 0.165738 0.776553
0 0.262633 0.354089 0.0256848 0.0501717 0.743207
0 0.126453 0.384535 0.0294266 0.180956 0.665186
0 0.402174 0.390604 0.0349396 0.0631629 0.637624
35 0.653712 0.40866 0.0352417 0.0396868 0.385944
