0 0.57387 0.51534 0.129686 0.54525 0.936803
0 0.0423772 0.45007 0.0846077 0.451478 0.932481
0 0.465295 0.509815 0.114038 0.559594 0.929579
0 0.910617 0.408247 0.0858109 0.39148 0.909426
0 0.199301 0.464954 0.0849145 0.410989 0.905932
13 0.270296 0.415906 0.0691972 0.0951845 0.85235
0 0.0872132 0.380498 0.0328681 0.183209 0.646276
0 0.134728 0.386548 0.0387303 0.186796 0.609858
0 0.350819 0.375827 0.0210411 0.0889018 0.592433
0 0.117061 0.374338 0.0286187 0.16852 0.390666
0 0.396076 0.382025 0.0273829 0.0635129 0.316553
