0 0.47936 0.498346 0.101118 0.510365 0.929098
0 0.311064 0.48575 0.105002 0.548844 0.914945
0 0.212712 0.407751 0.0412127 0.204074 0.789879
0 0.0922807 0.38615 0.0314354 0.174498 0.775341
13 0.250128 0.423162 0.0465 0.0943309 0.746945
0 0.0301888 0.390846 0.0261317 0.158357 0.737721
0 0.124759 0.382282 0.0311234 0.176647 0.705672
0 0.179844 0.404587 0.0376643 0.192337 0.577708
0 0.0628732 0.380753 0.0185914 0.134207 0.514165
0 0.40293 0.391037 0.0351386 0.0618082 0.393804
35 0.472721 0.394847 0.0272324 0.0380088 0.274289
