0 0.834584 0.526495 0.137102 0.686292 0.93329
0 0.96436 0.550806 0.0704258 0.633394 0.915484
0 0.0731248 0.387729 0.0383556 0.184434 0.86042
0 0.276079 0.412832 0.0463947 0.221439 0.845984
0 0.226458 0.411276 0.0426049 0.203229 0.844329
0 0.401853 0.391272 0.0356964 0.0582922 0.778678
0 0.00998756 0.397827 0.0199741 0.158491 0.730629
0 0.139664 0.37558 0.0399358 0.198716 0.710519
0 0.0342504 0.393189 0.0207665 0.156356 0.665982
13 0.18395 0.420035 0.0560109 0.0922351 0.591205
0 0.394716 0.36491 0.0158414 0.0670729 0.515347
13 0.234413 0.421664 0.156735 0.0956315 0.361759
56 0.300258 0.423829 0.0209644 0.0959535 0.312759
0 0.584676 0.402357 0.00904484 0.0377318 0.256427
