0 0.8711 0.541303 0.125068 0.597837 0.939609
0 0.695265 0.51668 0.131585 0.650023 0.937634
0 0.208117 0.410765 0.040278 0.20298 0.877495
0 0.0737475 0.38928 0.0389644 0.181459 0.857424
0 0.250027 0.414909 0.0462127 0.212111 0.849265
13 0.23139 0.420653 0.158449 0.0998534 0.767303
0 0.0109221 0.396189 0.0218 0.157127 0.75768
0 0.0336127 0.394725 0.0208223 0.158842 0.713943
0 0.400898 0.390357 0.0380739 0.0624897 0.680962
0 0.128064 0.385483 0.0327507 0.180112 0.579155
13 0.288976 0.422886 0.0441967 0.0932532 0.312371
0 0.584831 0.400896 0.00813122 0.0335336 0.255614
