0 0.611351 0.524811 0.103921 0.54114 0.921585
0 0.441119 0.503517 0.108135 0.586984 0.910255
0 0.0823373 0.387781 0.0384311 0.185138 0.847464
0 0.0244464 0.394961 0.0332119 0.162334 0.838245
0 0.229657 0.408622 0.0406207 0.206823 0.816175
0 0.267997 0.353289 0.0254229 0.0492732 0.794727
0 0.124526 0.382616 0.0335992 0.1807 0.715665
0 0.205021 0.406402 0.0295237 0.196635 0.708417
13 0.23355 0.420632 0.154201 0.0965688 0.676011
13 0.277025 0.42169 0.0688303 0.0953176 0.673239
41 0.439996 0.279089 0.0240421 0.0400592 0.283049
