0 0.554771 0.508595 0.113213 0.524351 0.938287
0 0.383051 0.492675 0.113011 0.567295 0.933472
0 0.221194 0.408066 0.0377892 0.203343 0.814107
0 0.0879998 0.384226 0.0343592 0.180813 0.767877
0 0.122389 0.382164 0.0334959 0.177622 0.708267
13 0.272727 0.422741 0.07562 0.0949466 0.699852
13 0.233089 0.422425 0.153498 0.100833 0.679893
0 0.0292672 0.390271 0.0278715 0.160546 0.67298
0 0.278756 0.352803 0.0237308 0.0503574 0.667768
0 0.192132 0.415743 0.0321007 0.173686 0.663693
0 0.200626 0.331616 0.0186152 0.0526375 0.272207
0 0.0615348 0.379212 0.014792 0.132703 0.271063
32 0.558853 0.224519 0.00964232 0.0230412 0.270636
