0 0.515325 0.508732 0.11113 0.511207 0.923611
0 0.340606 0.489118 0.110095 0.558423 0.901697
13 0.269483 0.421996 0.073229 0.0940438 0.832155
0 0.218979 0.406814 0.0434381 0.2056 0.813849
0 0.0882541 0.384938 0.0378485 0.173677 0.78407
0 0.187465 0.403581 0.034496 0.196259 0.730686
0 0.0273038 0.392388 0.0297356 0.162387 0.712472
0 0.40508 0.390664 0.0301845 0.0606774 0.576504
0 0.12326 0.381097 0.0326858 0.175516 0.564683
13 0.230677 0.420015 0.151725 0.0988763 0.45373
0 0.0620895 0.380828 0.0162856 0.133241 0.360517
0 0.28516 0.35369 0.0198603 0.0530985 0.343234
