0 0.91586 0.545483 0.142766 0.679712 0.928723
0 0.38668 0.491578 0.101338 0.471543 0.926518
0 0.225228 0.478613 0.100801 0.511393 0.911372
0 0.135959 0.385542 0.0305548 0.177464 0.815992
0 0.0968134 0.382105 0.033079 0.17167 0.796126
0 0.164294 0.399272 0.0312847 0.192574 0.780362
13 0.290285 0.422301 0.0400979 0.0946812 0.735193
0 0.0325753 0.386927 0.0218632 0.154179 0.702757
0 0.0733096 0.387574 0.0232019 0.160917 0.656215
0 0.321507 0.37621 0.0247088 0.0836069 0.620415
41 0.980677 0.553999 0.0127632 0.0447405 0.56459
0 0.988214 0.415201 0.0227474 0.174679 0.268078
