0 0.552941 0.509142 0.11942 0.614595 0.938883
0 0.741888 0.532687 0.110252 0.566922 0.928184
13 0.233282 0.420616 0.154677 0.100405 0.847304
0 0.0760503 0.387567 0.0391582 0.182635 0.818081
0 0.234878 0.406329 0.0409369 0.208441 0.806623
0 0.0148891 0.395486 0.0297783 0.161941 0.790183
0 0.205446 0.406571 0.0303371 0.200179 0.787183
0 0.127182 0.386794 0.0283857 0.17506 0.688909
0 0.402896 0.390746 0.0352366 0.0615286 0.654812
41 0.553434 0.279224 0.0249514 0.0390599 0.533696
0 0.25718 0.353399 0.0173957 0.0523577 0.371147
