0 0.864136 0.533186 0.13755 0.691252 0.935069
0 0.978752 0.560598 0.0417089 0.610878 0.890695
0 0.230683 0.412532 0.043697 0.20934 0.849977
0 0.0121798 0.395094 0.0243336 0.165304 0.829093
0 0.0718876 0.389719 0.0356531 0.182037 0.827038
0 0.282469 0.414575 0.0453291 0.222551 0.816765
0 0.401987 0.39158 0.0355836 0.0580028 0.749956
13 0.188526 0.421123 0.0573508 0.0932997 0.726441
0 0.144244 0.373098 0.0357009 0.202033 0.700913
0 0.0357059 0.392419 0.0188771 0.157797 0.654397
0 0.395141 0.364672 0.0150266 0.0664984 0.589988
0 0.211084 0.348471 0.0153989 0.0551119 0.443901
