0 0.704294 0.529701 0.143149 0.576338 0.955871
0 0.54558 0.524419 0.1205 0.588159 0.939821
0 0.090888 0.465985 0.0901667 0.464304 0.909894
0 0.241208 0.47945 0.0849961 0.426337 0.903707
0 0.341893 0.377392 0.0236924 0.0826279 0.752812
0 0.169434 0.39895 0.0342852 0.177981 0.735492
0 0.135097 0.391634 0.0268049 0.172599 0.574844
13 0.291927 0.419869 0.0355325 0.101133 0.494195
0 0.990262 0.418145 0.0187117 0.253247 0.455204
0 0.394784 0.368229 0.018779 0.0774762 0.310787
0 0.403265 0.390758 0.030505 0.0623181 0.29195
