0 0.353721 0.494826 0.104757 0.559158 0.922485
0 0.520734 0.512982 0.105012 0.507857 0.911701
13 0.270111 0.422321 0.0760643 0.0937688 0.821157
0 0.219057 0.406425 0.0429131 0.207418 0.808092
0 0.0881622 0.384777 0.0374252 0.174374 0.782954
0 0.286389 0.35446 0.0243565 0.0488603 0.713192
0 0.0289319 0.393437 0.0285501 0.16274 0.701501
0 0.123238 0.38209 0.0326924 0.173542 0.665291
0 0.187468 0.404764 0.0339585 0.193543 0.628276
13 0.231666 0.421393 0.152655 0.0974397 0.496535
0 0.408044 0.390783 0.0245557 0.0601386 0.470402
