0 0.68995 0.525608 0.107726 0.559886 0.935049
0 0.503672 0.501109 0.109295 0.610122 0.923732
0 0.234836 0.407473 0.0437304 0.211857 0.84343
0 0.0723022 0.388121 0.0366295 0.180881 0.829973
0 0.205937 0.407961 0.0301677 0.200322 0.820505
0 0.0170369 0.394918 0.0333483 0.165953 0.815852
0 0.261298 0.352996 0.0208083 0.0533997 0.703243
0 0.125995 0.384145 0.0312218 0.180011 0.699257
0 0.402833 0.390736 0.0349522 0.0615572 0.665729
13 0.280314 0.422444 0.0610583 0.0934754 0.651699
13 0.233259 0.421401 0.154826 0.0995477 0.638645
13 0.177425 0.421895 0.043541 0.0939755 0.310139
