0 0.928643 0.539089 0.142228 0.708995 0.926261
0 0.297824 0.420681 0.0481696 0.226028 0.8616
0 0.241646 0.414369 0.0473673 0.212918 0.852223
0 0.0730694 0.389355 0.0370178 0.181632 0.839976
0 0.158645 0.384563 0.0344939 0.182246 0.783508
0 0.0124929 0.393887 0.0249189 0.160127 0.77838
0 0.207464 0.348659 0.024459 0.0580285 0.740892
13 0.194523 0.421731 0.0595186 0.0913189 0.73889
0 0.406244 0.391391 0.0271078 0.0592304 0.60676
0 0.395308 0.364561 0.0150662 0.0666301 0.563658
0 0.137629 0.396551 0.0185596 0.0831017 0.389959
