0 0.952369 0.533953 0.0944326 0.718931 0.93218
0 0.0782309 0.389611 0.0416941 0.183668 0.871083
0 0.314892 0.418344 0.0562383 0.232484 0.870603
0 0.247605 0.413628 0.0422768 0.217385 0.868215
0 0.0129704 0.396729 0.0258767 0.16415 0.801032
0 0.16405 0.380971 0.0394726 0.186637 0.797139
13 0.204862 0.422314 0.0523693 0.0938708 0.731555
0 0.205169 0.346486 0.0203909 0.0602378 0.726158
0 0.406584 0.391377 0.0263927 0.059199 0.631978
0 0.395222 0.364492 0.0151054 0.0667274 0.54654
0 0.13481 0.394354 0.0181366 0.0809898 0.471506
0 0.204971 0.359355 0.0211692 0.0840883 0.277305
26 0.292881 0.461942 0.0137201 0.0538105 0.266906
