0 0.473181 0.517911 0.120117 0.562375 0.938321
0 0.0449907 0.457834 0.0896479 0.452774 0.935786
0 0.588633 0.516832 0.114106 0.557135 0.934409
0 0.9361 0.40626 0.085449 0.389775 0.892881
0 0.214275 0.474687 0.079641 0.407878 0.886303
0 0.144733 0.391864 0.0399573 0.180525 0.762945
13 0.23103 0.417024 0.149888 0.0950516 0.641978
0 0.349638 0.375346 0.0210579 0.0891849 0.630222
0 0.0996087 0.387636 0.0356405 0.179501 0.622662
0 0.123843 0.378174 0.0280897 0.173859 0.48271
0 0.398724 0.387674 0.0288761 0.0615701 0.383446
13 0.276551 0.41714 0.0582976 0.0954073 0.349148
0 0.391304 0.360562 0.018224 0.0711546 0.281651
