0 0.880852 0.552738 0.139946 0.663554 0.933724
0 0.378008 0.492622 0.0975551 0.46201 0.922831
0 0.219054 0.477127 0.0966519 0.502417 0.894249
0 0.974163 0.590294 0.050872 0.560143 0.86884
0 0.135713 0.38443 0.0288802 0.175698 0.803626
0 0.0987584 0.382355 0.0324849 0.167807 0.799355
0 0.163635 0.396864 0.0348908 0.192716 0.754655
13 0.286803 0.422824 0.0509642 0.0937186 0.748905
0 0.0741602 0.390181 0.0245044 0.157897 0.727797
0 0.322567 0.379438 0.0222417 0.0807838 0.673486
0 0.0324518 0.386045 0.0220623 0.155925 0.654052
