0 0.910488 0.54513 0.118789 0.615351 0.917039
0 0.747549 0.518735 0.120477 0.669381 0.913956
0 0.218329 0.40942 0.0453534 0.204437 0.860378
0 0.0700338 0.390285 0.0313896 0.180223 0.816156
0 0.26064 0.414285 0.0428647 0.215144 0.81273
0 0.0120939 0.399705 0.0241869 0.1573 0.797848
0 0.405768 0.390753 0.0280027 0.059808 0.711832
0 0.0353316 0.395062 0.0191099 0.157887 0.677829
0 0.13325 0.379921 0.0396671 0.189168 0.652465
13 0.23341 0.422309 0.154922 0.094397 0.635653
0 0.39491 0.366472 0.0157468 0.0711714 0.506668
13 0.292906 0.422905 0.0361137 0.092953 0.495406
41 0.749959 0.264171 0.0260541 0.0441411 0.337738
0 0.584726 0.400908 0.00837383 0.0339904 0.292608
