0 0.424014 0.489223 0.0989758 0.485338 0.931225
0 0.252724 0.478302 0.10285 0.523187 0.924747
0 0.965518 0.55182 0.0681404 0.693662 0.911001
0 0.0953947 0.382857 0.0334372 0.173223 0.786845
0 0.170884 0.400118 0.0387982 0.193349 0.779529
0 0.1286 0.381689 0.0340002 0.172542 0.725852
0 0.0690051 0.390281 0.0239917 0.160102 0.639698
0 0.0256527 0.389467 0.035467 0.151821 0.606489
0 0.316107 0.379483 0.0254843 0.0851686 0.360966
0 0.202867 0.405684 0.0259569 0.203212 0.305071
0 0.315842 0.398876 0.0263195 0.123622 0.297519
