0 0.636111 0.525681 0.0953532 0.562981 0.924781
0 0.514231 0.525373 0.114168 0.571222 0.915806
0 0.0721081 0.464026 0.0899793 0.461541 0.912081
0 0.239317 0.479605 0.0920803 0.419986 0.884027
0 0.971374 0.407646 0.0564529 0.392281 0.879484
0 0.347862 0.377899 0.0216773 0.0855425 0.758106
0 0.160496 0.397148 0.0372729 0.180838 0.743547
0 0.120981 0.394821 0.0326239 0.179978 0.650402
0 0.394251 0.366943 0.020712 0.0794 0.395242
13 0.293197 0.420178 0.0319848 0.0960424 0.359252
0 0.402512 0.38841 0.0274272 0.059826 0.340335
13 0.238593 0.419631 0.140406 0.0958793 0.332604
13 0.191034 0.405611 0.0324805 0.0660989 0.307004
0 0.132694 0.386646 0.0269783 0.186738 0.260887
