0 0.889579 0.547025 0.129721 0.598663 0.937223
0 0.712963 0.521633 0.124755 0.648494 0.930636
0 0.254566 0.410983 0.0477957 0.22145 0.883014
0 0.210049 0.4112 0.0444447 0.203443 0.86304
0 0.0723305 0.39185 0.0368263 0.179511 0.824169
0 0.0109927 0.395239 0.0219623 0.160884 0.772929
13 0.230971 0.42147 0.16006 0.0974771 0.692203
0 0.131485 0.3825 0.0334763 0.184005 0.686696
0 0.0346792 0.397506 0.0187734 0.153646 0.682768
0 0.405557 0.391133 0.0288991 0.0600872 0.627547
41 0.708583 0.277716 0.0254288 0.0412198 0.593342
13 0.291576 0.422763 0.0390029 0.0927071 0.429286
0 0.395373 0.369085 0.0159308 0.077361 0.357378
0 0.584468 0.40084 0.00851212 0.0331813 0.255341
