0 0.676829 0.516993 0.124057 0.643821 0.938529
0 0.853707 0.542203 0.113956 0.593218 0.933008
0 0.208115 0.410333 0.0399843 0.201621 0.868504
0 0.0738671 0.388759 0.0388376 0.180874 0.850703
0 0.247082 0.413954 0.0457461 0.216079 0.850392
13 0.231523 0.421379 0.158717 0.0999858 0.789388
0 0.00968077 0.393044 0.0190806 0.156668 0.754868
0 0.400533 0.389977 0.038702 0.0632156 0.730552
0 0.123319 0.386187 0.0391408 0.177775 0.700764
0 0.0334567 0.393465 0.0203085 0.159529 0.692095
41 0.678024 0.276783 0.0249022 0.0411904 0.449912
13 0.287634 0.422937 0.0468765 0.0935199 0.352288
0 0.394626 0.367773 0.0171093 0.0740087 0.262593
