0 0.902296 0.549451 0.128369 0.604644 0.938669
0 0.73372 0.523437 0.128639 0.659009 0.935119
0 0.212195 0.411698 0.0420698 0.201111 0.863849
0 0.256413 0.41312 0.0469344 0.217684 0.81321
0 0.0712512 0.390161 0.0338804 0.180064 0.801098
0 0.0116855 0.394988 0.0233652 0.167562 0.785349
0 0.406245 0.391182 0.0272837 0.0601835 0.732912
0 0.034524 0.395735 0.0196888 0.158891 0.668332
0 0.133527 0.382176 0.0335255 0.186005 0.663248
0 0.395279 0.368064 0.0153111 0.0744543 0.531647
13 0.230686 0.419788 0.161494 0.0970291 0.52071
13 0.29215 0.422839 0.0377167 0.0923665 0.421215
13 0.175302 0.420476 0.0475218 0.0949966 0.273686
0 0.58444 0.400925 0.00869417 0.0332945 0.260248
13 0.272412 0.422833 0.0775045 0.0935822 0.258127
