0 0.647596 0.528535 0.134015 0.617077 0.946668
0 0.796853 0.539626 0.161519 0.598902 0.943802
0 0.139239 0.467622 0.102451 0.479025 0.918388
0 0.257573 0.479993 0.0853899 0.443736 0.91542
0 0.33362 0.378852 0.0242898 0.0792584 0.768888
0 0.403949 0.389401 0.0313854 0.0611527 0.723959
0 0.0707211 0.386972 0.0287005 0.152463 0.70882
0 0.188215 0.392656 0.0264341 0.16546 0.606285
0 0.0925279 0.381196 0.0212065 0.165215 0.488173
56 0.298135 0.42385 0.0229359 0.0938928 0.47129
13 0.298241 0.42354 0.0230392 0.0938914 0.368702
13 0.212582 0.423154 0.0326434 0.0977259 0.311063
56 0.212622 0.423234 0.0328754 0.0975627 0.297774
0 0.513108 0.399489 0.013328 0.0405802 0.26308
