0 0.831082 0.53852 0.12871 0.58707 0.932882
0 0.638692 0.511288 0.129393 0.638031 0.913453
0 0.205811 0.408749 0.0410213 0.204613 0.876195
13 0.230333 0.421302 0.160847 0.102129 0.84609
0 0.244748 0.413977 0.0429289 0.210331 0.845725
0 0.0722301 0.390205 0.03645 0.176456 0.826435
0 0.012025 0.394609 0.0239974 0.166532 0.758409
0 0.120529 0.385553 0.0388176 0.181196 0.72437
0 0.401219 0.390767 0.0380299 0.0624125 0.697833
0 0.0327859 0.396272 0.0215481 0.155229 0.513752
41 0.638149 0.274694 0.024124 0.0405621 0.32461
