0 0.950195 0.53217 0.0987516 0.72332 0.92082
0 0.244095 0.414435 0.0491291 0.214198 0.863021
0 0.0759153 0.388755 0.0417336 0.186774 0.853132
0 0.30847 0.416783 0.0507792 0.234044 0.842393
0 0.162115 0.380419 0.0389607 0.184943 0.806837
0 0.0119829 0.392965 0.0238593 0.164012 0.794039
13 0.199876 0.420703 0.0563032 0.088631 0.740635
0 0.206072 0.349899 0.0222537 0.05422 0.737144
0 0.406665 0.391365 0.0262024 0.0591651 0.629391
0 0.13576 0.396388 0.0188457 0.0816494 0.542735
0 0.395261 0.364486 0.0150944 0.0666868 0.540767
0 0.0351832 0.383031 0.0179146 0.133845 0.319035
