0 0.641521 0.530921 0.118161 0.61165 0.947339
0 0.787338 0.534213 0.152205 0.594757 0.927312
0 0.137304 0.469265 0.100714 0.47521 0.914529
0 0.256142 0.479234 0.0824826 0.443294 0.894452
0 0.333212 0.379949 0.0250688 0.0782974 0.744968
0 0.403745 0.389287 0.0311609 0.0612616 0.732915
0 0.0711914 0.387409 0.0290886 0.152458 0.719525
0 0.0899456 0.380724 0.0243614 0.163272 0.516352
0 0.187091 0.393784 0.0244457 0.168205 0.428095
56 0.296983 0.422256 0.0241881 0.0953652 0.402779
13 0.211441 0.422917 0.0317548 0.0964777 0.341747
13 0.218023 0.42286 0.046278 0.0956184 0.330044
13 0.296963 0.422279 0.0238183 0.0947116 0.313573
