0 0.941212 0.554869 0.116864 0.685253 0.94227
0 0.403138 0.493252 0.0947828 0.473409 0.911181
0 0.233319 0.479052 0.0969972 0.514091 0.903343
0 0.0958785 0.383704 0.0325412 0.169645 0.79269
0 0.171102 0.401159 0.0344728 0.189372 0.787214
0 0.134902 0.384383 0.0360563 0.175965 0.716883
13 0.292846 0.42296 0.0353973 0.0954607 0.649107
0 0.0704793 0.39 0.0243596 0.158785 0.627924
0 0.319316 0.377438 0.0242298 0.0806705 0.608394
0 0.0314158 0.387229 0.0238447 0.152758 0.58346
35 0.401018 0.403036 0.0285223 0.0343682 0.408636
