0 0.558152 0.509123 0.111273 0.523141 0.937062
0 0.387334 0.494916 0.109378 0.569473 0.927723
0 0.222024 0.404763 0.0378957 0.201278 0.765743
0 0.0863061 0.384132 0.0327154 0.179213 0.752806
0 0.0290326 0.391535 0.028345 0.161837 0.736869
0 0.122378 0.381512 0.0343117 0.179222 0.721329
13 0.233724 0.421679 0.154633 0.0976352 0.702295
0 0.277657 0.35186 0.0241962 0.0527961 0.698256
13 0.273407 0.422759 0.0752149 0.0948632 0.658207
0 0.193664 0.405061 0.0338982 0.193204 0.571402
32 0.558901 0.225096 0.00985327 0.0243014 0.315168
0 0.0612352 0.379013 0.0135964 0.131907 0.254461
