0 0.667001 0.529934 0.118359 0.544087 0.938491
0 0.482454 0.507076 0.114003 0.595324 0.937194
0 0.234123 0.409842 0.0487394 0.207961 0.853623
0 0.0770848 0.388327 0.0383783 0.180014 0.834526
13 0.233415 0.421647 0.154857 0.0988139 0.83026
0 0.0200064 0.394592 0.0313343 0.166649 0.796534
0 0.207341 0.408393 0.0278175 0.19881 0.765272
0 0.262403 0.355127 0.0253789 0.050529 0.661678
0 0.125982 0.383676 0.030476 0.181569 0.64458
0 0.402734 0.390941 0.0348528 0.062537 0.582712
35 0.660401 0.409363 0.0338791 0.0403444 0.438469
