0 0.438735 0.496577 0.0977464 0.483664 0.925362
0 0.264632 0.484412 0.100973 0.524533 0.923054
0 0.0914625 0.385264 0.0331408 0.169979 0.782196
0 0.174759 0.403153 0.0343316 0.189031 0.760158
0 0.0285839 0.391046 0.029523 0.161999 0.740097
0 0.128883 0.381936 0.0334341 0.166242 0.732095
0 0.0668776 0.389768 0.021066 0.156842 0.621051
0 0.205974 0.405027 0.0312605 0.196122 0.619607
0 0.98727 0.610229 0.0246212 0.550175 0.492129
0 0.313242 0.382934 0.0205629 0.102788 0.476134
35 0.430332 0.406032 0.0245484 0.0363274 0.328454
