0 0.568381 0.516073 0.109128 0.528449 0.941368
0 0.398741 0.500817 0.107898 0.572388 0.932323
0 0.225352 0.408854 0.0459353 0.207231 0.823061
0 0.0843043 0.38586 0.0360587 0.174641 0.812697
0 0.0273843 0.394825 0.0297916 0.158968 0.786287
0 0.197612 0.404659 0.0318574 0.196429 0.775796
0 0.274864 0.354478 0.0272008 0.0491811 0.764987
0 0.120782 0.380351 0.0308473 0.177224 0.695207
13 0.233006 0.42188 0.153985 0.10073 0.694473
13 0.275489 0.422385 0.0712801 0.0938946 0.659916
0 0.0613643 0.380392 0.0137825 0.138218 0.398073
