0 0.501408 0.500477 0.110102 0.611128 0.930137
0 0.684525 0.525199 0.105235 0.559669 0.927029
0 0.235026 0.407394 0.0430724 0.213114 0.843076
0 0.206025 0.408135 0.029827 0.20175 0.823107
0 0.0173687 0.394979 0.0339851 0.165175 0.818534
0 0.0724314 0.387487 0.0368401 0.182193 0.816358
13 0.233252 0.421414 0.154741 0.0996051 0.730147
0 0.261205 0.352781 0.020221 0.0529082 0.716857
0 0.125832 0.383909 0.0315846 0.180786 0.679188
0 0.402811 0.390792 0.0349573 0.0614156 0.664888
13 0.280619 0.422447 0.0604233 0.0935081 0.490141
