0 0.858433 0.533583 0.135975 0.685609 0.935756
0 0.976583 0.557291 0.0460094 0.619258 0.89932
0 0.23006 0.412163 0.0438544 0.207322 0.862466
0 0.0721037 0.389336 0.0360703 0.180911 0.839917
0 0.281468 0.413163 0.0443953 0.223195 0.828462
0 0.0123172 0.395635 0.0246109 0.163649 0.821644
13 0.187496 0.420874 0.0574907 0.0930047 0.746802
0 0.401985 0.391509 0.0356101 0.0582253 0.745266
0 0.144086 0.373684 0.0340582 0.201217 0.705464
0 0.0355815 0.393126 0.0185613 0.157145 0.668717
0 0.39513 0.364639 0.0150032 0.0663566 0.580918
0 0.211282 0.348211 0.0141819 0.0507774 0.266193
