0 0.920791 0.549867 0.116814 0.619178 0.926875
0 0.766664 0.522271 0.139271 0.669771 0.903331
0 0.218837 0.410245 0.0429531 0.203214 0.836392
0 0.263185 0.412871 0.0419258 0.218614 0.821218
0 0.0696438 0.391384 0.0315824 0.179269 0.815119
0 0.0123357 0.400187 0.0246693 0.155024 0.754105
0 0.133554 0.379739 0.0419152 0.188878 0.692005
0 0.0351072 0.39576 0.0197441 0.153573 0.683003
13 0.233314 0.422601 0.154971 0.0949522 0.676739
0 0.404876 0.391063 0.0292009 0.0591917 0.666098
0 0.394709 0.366136 0.015878 0.0701036 0.507116
13 0.294665 0.423168 0.0324677 0.0923348 0.445296
0 0.584446 0.400871 0.00882778 0.03383 0.320201
41 0.764373 0.269434 0.0237183 0.0444923 0.31026
13 0.179815 0.42134 0.0490957 0.0920578 0.300609
0 0.516388 0.402608 0.0110748 0.0356785 0.275951
