0 0.951337 0.533895 0.0965168 0.722232 0.930416
0 0.0779472 0.388495 0.0416304 0.181123 0.866635
0 0.246813 0.413814 0.043918 0.215356 0.853633
0 0.312894 0.417122 0.0513707 0.234767 0.824956
0 0.0125052 0.396324 0.0249348 0.164329 0.788869
0 0.163348 0.380073 0.0387647 0.185537 0.759382
13 0.204287 0.422278 0.0533666 0.0942542 0.718735
0 0.205307 0.346709 0.0206028 0.0591558 0.672521
0 0.406761 0.391407 0.0258988 0.0590529 0.638998
0 0.395256 0.364566 0.0150203 0.0665978 0.551788
0 0.134993 0.397491 0.0187315 0.0863712 0.483629
