0 0.726305 0.53509 0.134124 0.557013 0.934606
0 0.529751 0.509461 0.127447 0.609064 0.924302
0 0.234588 0.409267 0.0384804 0.207744 0.842412
0 0.0737736 0.389549 0.0379435 0.181421 0.836408
0 0.205684 0.406944 0.0301712 0.203396 0.804132
0 0.014444 0.3928 0.0288881 0.164504 0.800629
13 0.232942 0.421225 0.153912 0.100263 0.705091
0 0.126094 0.386818 0.0299538 0.174712 0.653404
0 0.402905 0.390709 0.0351714 0.0614609 0.642012
0 0.258525 0.354492 0.0193461 0.0490829 0.625392
13 0.279622 0.422352 0.0624213 0.0937887 0.568278
41 0.534098 0.283702 0.0235595 0.0417826 0.50002
