0 0.720813 0.531472 0.135358 0.560142 0.938288
0 0.523568 0.504634 0.129522 0.60707 0.936318
0 0.23513 0.409853 0.040849 0.207762 0.837574
0 0.0725566 0.389269 0.0363572 0.179904 0.828058
0 0.206192 0.409811 0.0306833 0.202905 0.824751
0 0.0148393 0.392896 0.029664 0.166464 0.800956
13 0.232857 0.421315 0.154253 0.100162 0.718413
0 0.125341 0.385614 0.0306981 0.177774 0.659781
0 0.259621 0.353906 0.0203784 0.050123 0.654966
0 0.402876 0.390739 0.0354168 0.0614826 0.617872
13 0.280178 0.422319 0.0614008 0.0940492 0.585353
13 0.177332 0.421414 0.0438294 0.094224 0.306765
41 0.518949 0.275361 0.0226114 0.0405572 0.263168
