0 0.860096 0.542093 0.120859 0.595146 0.932847
0 0.685114 0.516578 0.126899 0.646578 0.931886
0 0.207566 0.410719 0.0386628 0.202075 0.873533
0 0.0738335 0.38883 0.0390311 0.18185 0.852577
0 0.248735 0.414322 0.0456414 0.214955 0.848865
0 0.00977462 0.395037 0.0194985 0.158136 0.755362
13 0.231517 0.420532 0.158494 0.100085 0.743835
0 0.400541 0.390132 0.0387287 0.0629991 0.738681
0 0.0334574 0.393376 0.0207703 0.160074 0.699468
0 0.124428 0.385437 0.0380714 0.178871 0.682828
41 0.682364 0.274764 0.0259855 0.0424741 0.453851
13 0.288466 0.422923 0.045262 0.0933845 0.439275
0 0.394776 0.367423 0.0168999 0.0733236 0.251844
