0 0.874472 0.530667 0.1313 0.700921 0.935979
0 0.285341 0.415499 0.0463209 0.219871 0.859711
0 0.234029 0.412988 0.0441224 0.212691 0.850671
0 0.0712507 0.388128 0.0339634 0.181275 0.827873
0 0.013339 0.394042 0.0266644 0.166719 0.820924
0 0.401973 0.391583 0.0356166 0.057874 0.760164
13 0.190426 0.421531 0.0617656 0.0942066 0.743133
0 0.147226 0.370666 0.0359917 0.20682 0.73811
0 0.986013 0.580154 0.0272005 0.542167 0.663618
0 0.0349939 0.392657 0.0200547 0.161177 0.627739
0 0.395139 0.364856 0.0150561 0.0668133 0.596834
0 0.210806 0.350493 0.0169384 0.0533559 0.539566
0 0.985881 0.499887 0.0274227 0.377073 0.371846
