0 0.5812 0.524967 0.114356 0.604618 0.930522
0 0.726378 0.534878 0.127519 0.582127 0.927293
0 0.117424 0.466375 0.0962864 0.470223 0.918413
0 0.251513 0.479193 0.0861467 0.435156 0.904123
0 0.339188 0.38101 0.0241215 0.0772319 0.793156
0 0.175643 0.403062 0.0317061 0.18287 0.563974
0 0.403362 0.389891 0.0300869 0.0629775 0.545336
56 0.296192 0.421064 0.0268136 0.103216 0.374788
0 0.510607 0.397094 0.0139194 0.0447388 0.36836
0 0.177421 0.33146 0.0165473 0.0381866 0.320337
0 0.395345 0.368032 0.0186145 0.0766123 0.313417
