0 0.693097 0.532251 0.144647 0.569194 0.935759
0 0.540064 0.520199 0.120641 0.592623 0.933607
0 0.0862538 0.461903 0.0934719 0.468167 0.904045
0 0.239336 0.477725 0.0883469 0.426655 0.897005
0 0.9833 0.415218 0.0326069 0.382435 0.733368
0 0.342591 0.377274 0.022606 0.077271 0.722006
0 0.165781 0.399187 0.0377012 0.179173 0.619795
13 0.291332 0.419753 0.0365279 0.103151 0.581895
0 0.131882 0.393024 0.0302613 0.173831 0.467972
0 0.403461 0.389062 0.0279624 0.0636356 0.340838
0 0.394219 0.370583 0.018873 0.0842372 0.270286
