0 0.76318 0.529916 0.117311 0.570426 0.939362
0 0.571751 0.506941 0.129331 0.619623 0.931415
0 0.0767952 0.387642 0.0393336 0.181819 0.854306
0 0.236772 0.407147 0.043208 0.2075 0.827489
13 0.233216 0.420841 0.154873 0.101075 0.810892
0 0.01595 0.394898 0.0319 0.164329 0.801623
0 0.204306 0.408595 0.0301748 0.196574 0.791736
0 0.40301 0.390709 0.0352022 0.0618668 0.676328
0 0.126419 0.38667 0.0297506 0.17659 0.666951
41 0.564587 0.274775 0.0248141 0.0410606 0.503242
0 0.256412 0.353479 0.0183537 0.0546201 0.386899
