0 0.565848 0.514059 0.110431 0.527488 0.934987
0 0.393716 0.500461 0.108127 0.568324 0.928742
13 0.233752 0.421887 0.154997 0.0999619 0.786635
0 0.222369 0.406235 0.0417456 0.200861 0.778204
0 0.121615 0.381498 0.0340073 0.178865 0.768876
0 0.0847856 0.386064 0.0334008 0.175198 0.747106
0 0.27647 0.352928 0.0261508 0.0540497 0.724012
0 0.196075 0.401777 0.0325378 0.193918 0.69005
0 0.0283613 0.393279 0.0290747 0.15722 0.683597
13 0.27458 0.423078 0.0728968 0.0943248 0.387143
35 0.559902 0.405656 0.032909 0.0377141 0.330329
32 0.558921 0.228847 0.00998535 0.0318704 0.316293
