0 0.436468 0.495798 0.097492 0.482146 0.927431
0 0.262871 0.482516 0.0992908 0.522027 0.915843
0 0.979507 0.6082 0.0401987 0.559573 0.783246
0 0.0917195 0.384934 0.0322394 0.169454 0.78033
0 0.174514 0.403037 0.0343129 0.190784 0.759306
0 0.130057 0.382239 0.0312261 0.16466 0.750334
0 0.0286525 0.391311 0.0297416 0.16128 0.718718
0 0.0675298 0.390151 0.0218717 0.15582 0.620748
0 0.206563 0.40816 0.0307827 0.195578 0.505727
0 0.313083 0.379235 0.0204036 0.0909225 0.324637
35 0.429142 0.40601 0.0248616 0.0358939 0.30775
