0 0.574725 0.513174 0.103745 0.54018 0.937521
0 0.408391 0.494143 0.108872 0.586664 0.926294
0 0.228101 0.409606 0.0452666 0.208848 0.838234
0 0.0796162 0.387171 0.0402241 0.185944 0.82444
0 0.0249488 0.392569 0.0333228 0.163012 0.806942
0 0.199044 0.406056 0.031511 0.200596 0.762093
0 0.273327 0.354116 0.0259247 0.0499123 0.760548
0 0.121632 0.384016 0.0310386 0.175498 0.709426
13 0.275861 0.422393 0.0703242 0.0938577 0.678769
13 0.232472 0.421976 0.154288 0.100821 0.5704
32 0.558481 0.228057 0.0101228 0.031746 0.255243
