0 0.80376 0.537205 0.116858 0.579611 0.937304
0 0.60923 0.512431 0.119246 0.632316 0.935075
0 0.203592 0.40903 0.0401202 0.199829 0.859381
0 0.243674 0.409983 0.0464517 0.211544 0.830653
13 0.231361 0.421281 0.15874 0.101526 0.826793
0 0.0726008 0.38952 0.0372992 0.183184 0.819296
0 0.0138924 0.395219 0.0277848 0.164002 0.772127
0 0.123206 0.385339 0.0352862 0.177004 0.686115
0 0.402745 0.390955 0.0351316 0.0619988 0.652842
0 0.0338365 0.392282 0.0217508 0.158981 0.339962
41 0.606641 0.275953 0.0228344 0.0378636 0.270041
