0 0.824113 0.535786 0.122728 0.585489 0.937564
0 0.634068 0.511791 0.119153 0.636273 0.925402
0 0.205052 0.408594 0.0412145 0.205239 0.883343
0 0.244701 0.414585 0.0429924 0.209401 0.840682
13 0.230502 0.421438 0.16055 0.101569 0.836611
0 0.0722038 0.391736 0.0364471 0.180491 0.832183
0 0.0118435 0.395086 0.023653 0.16558 0.776506
0 0.120744 0.384606 0.0387278 0.179785 0.748567
0 0.401182 0.390878 0.0380615 0.0622864 0.690004
0 0.0339912 0.396114 0.0200495 0.155981 0.467518
29 0.582298 0.588969 0.0186813 0.102204 0.43371
