0 0.479488 0.518961 0.106514 0.564101 0.933189
0 0.601999 0.52047 0.113448 0.553837 0.930318
0 0.0569228 0.457384 0.0911518 0.457138 0.916299
0 0.228547 0.471267 0.0891787 0.417766 0.887948
0 0.948302 0.412662 0.0762665 0.408628 0.881455
0 0.348946 0.380108 0.0220503 0.0840936 0.682608
0 0.107851 0.390128 0.0351934 0.177575 0.614842
13 0.286278 0.417381 0.0418496 0.0967834 0.591124
0 0.149849 0.393021 0.0356422 0.182895 0.583375
13 0.229831 0.416411 0.153829 0.0950506 0.512518
0 0.3922 0.364905 0.0187164 0.0786457 0.308261
0 0.39994 0.388916 0.0295165 0.0577515 0.279034
13 0.178962 0.404349 0.0377843 0.0687971 0.254517
