0 0.962028 0.538606 0.0751381 0.706547 0.914598
0 0.171378 0.384281 0.043868 0.186719 0.875368
0 0.253603 0.412862 0.0446576 0.219008 0.874015
0 0.0797352 0.392119 0.0406421 0.186054 0.87253
0 0.0190174 0.396755 0.0380349 0.16612 0.82531
0 0.316488 0.419442 0.0489377 0.225042 0.809416
0 0.132875 0.391717 0.0146418 0.0720011 0.776831
0 0.203813 0.348656 0.0194309 0.0565451 0.681872
0 0.406316 0.391532 0.0269741 0.0591014 0.611287
13 0.209287 0.422269 0.0511668 0.0947384 0.593147
0 0.395339 0.364354 0.0151831 0.0666773 0.552205
13 0.242604 0.421958 0.11678 0.097747 0.325209
