0 0.679372 0.527157 0.108536 0.555903 0.936003
0 0.494962 0.502375 0.111873 0.607515 0.933972
0 0.23509 0.408369 0.0441091 0.213479 0.848693
0 0.0730739 0.386846 0.0375213 0.184695 0.826066
0 0.206775 0.40735 0.0286976 0.203258 0.808014
0 0.0178076 0.396308 0.0328691 0.162183 0.802775
13 0.233345 0.421363 0.154632 0.0991032 0.798241
0 0.402611 0.390618 0.0345188 0.0620514 0.661353
0 0.125559 0.383345 0.0309777 0.183155 0.649479
0 0.261277 0.354397 0.0222245 0.0500359 0.645039
13 0.280237 0.421975 0.0612192 0.0945012 0.317935
