0 0.923554 0.547138 0.130281 0.614882 0.915707
0 0.759681 0.519564 0.133074 0.671775 0.90462
0 0.217825 0.409767 0.0419909 0.204458 0.8599
0 0.262777 0.4134 0.0415104 0.218673 0.821485
0 0.0696582 0.390493 0.0309296 0.178125 0.813925
0 0.0120889 0.400171 0.0241707 0.155154 0.782268
0 0.404955 0.391051 0.0290149 0.0593187 0.678071
0 0.132775 0.379431 0.0404984 0.189091 0.671872
0 0.0351666 0.395504 0.0190691 0.153883 0.647877
13 0.233294 0.422337 0.15511 0.0947491 0.624087
0 0.394745 0.366355 0.0159066 0.0706689 0.507688
13 0.293606 0.42289 0.0346446 0.0928928 0.461787
0 0.584445 0.40088 0.00884418 0.033885 0.325018
13 0.179478 0.421168 0.0482244 0.0921292 0.315601
0 0.516371 0.402388 0.0112207 0.0361477 0.267556
