0 0.583631 0.51772 0.117513 0.552205 0.941761
0 0.471502 0.507733 0.120466 0.566244 0.939675
0 0.0420532 0.453612 0.0840226 0.453709 0.93014
0 0.926101 0.408611 0.0902826 0.381517 0.910145
0 0.207795 0.471976 0.0847343 0.408422 0.889781
13 0.273556 0.417107 0.0641086 0.0950882 0.810555
0 0.142582 0.392251 0.0400846 0.180315 0.733898
0 0.0962768 0.383077 0.0392823 0.185493 0.669164
0 0.349929 0.376682 0.0215856 0.0865913 0.618745
0 0.122772 0.376076 0.0291227 0.170097 0.561075
0 0.398085 0.386882 0.0291399 0.0617354 0.367744
