0 0.511612 0.506249 0.109798 0.510368 0.918846
0 0.337519 0.488956 0.110624 0.558258 0.909212
13 0.267598 0.422068 0.0718231 0.0943206 0.83467
0 0.0882084 0.385521 0.0383911 0.174997 0.790506
0 0.218377 0.407338 0.0443331 0.203334 0.790098
0 0.0272606 0.392068 0.0296569 0.163722 0.71585
0 0.18618 0.405177 0.0345218 0.1946 0.689836
0 0.123606 0.380893 0.0327879 0.17467 0.597381
0 0.404643 0.390801 0.031072 0.0614488 0.594151
13 0.229041 0.420973 0.148221 0.0976936 0.412436
0 0.0618896 0.380703 0.0159274 0.134418 0.364043
0 0.395489 0.368873 0.0165223 0.0774855 0.263268
