0 0.691956 0.533983 0.116549 0.624113 0.936092
0 0.80721 0.537817 0.114663 0.614715 0.928442
0 0.163124 0.473394 0.0947089 0.478291 0.912736
0 0.28404 0.484444 0.0800481 0.443516 0.902687
0 0.333453 0.380178 0.0257276 0.0789313 0.727887
0 0.106067 0.379478 0.0246738 0.171999 0.693694
0 0.404078 0.389261 0.030825 0.0610046 0.69347
13 0.229843 0.424218 0.0483559 0.0965975 0.63571
0 0.0890436 0.386805 0.021157 0.15534 0.612816
0 0.0676724 0.386634 0.0257897 0.148525 0.526787
35 0.292178 0.386575 0.0381389 0.03408 0.509157
