0 0.954685 0.537151 0.0897797 0.71505 0.931792
0 0.0789639 0.39141 0.0422549 0.186648 0.860583
0 0.249313 0.412159 0.0428632 0.216028 0.852825
0 0.31706 0.419556 0.0517093 0.23003 0.845514
0 0.0137857 0.398002 0.0275641 0.163043 0.808707
0 0.166356 0.382454 0.0397903 0.184967 0.776576
0 0.20484 0.346563 0.0197481 0.0597097 0.67597
13 0.207746 0.422159 0.053569 0.0967722 0.649246
0 0.133714 0.394611 0.0175028 0.0843196 0.62972
0 0.405847 0.391441 0.0277853 0.0589967 0.627195
0 0.395223 0.364628 0.0149135 0.0667056 0.53815
13 0.240291 0.421533 0.1173 0.0992123 0.346807
0 0.204595 0.373559 0.0207707 0.111197 0.274982
