0 0.894643 0.549862 0.127616 0.598307 0.9423
0 0.721684 0.523376 0.12877 0.649927 0.938679
0 0.210227 0.411151 0.0435121 0.202164 0.86509
0 0.25493 0.411716 0.046679 0.222382 0.856731
0 0.0713641 0.391708 0.0355627 0.180439 0.805496
0 0.0108351 0.394663 0.0216465 0.164785 0.772156
0 0.132773 0.382477 0.0338094 0.184399 0.689697
0 0.0342386 0.396585 0.0198449 0.154598 0.682638
0 0.406414 0.39117 0.0273724 0.0601932 0.647123
13 0.231268 0.421875 0.159466 0.0970178 0.610593
13 0.292075 0.422838 0.0379834 0.0928649 0.458425
0 0.395449 0.368929 0.015703 0.0767958 0.434536
41 0.714564 0.280257 0.0270008 0.0409295 0.270321
0 0.584466 0.400896 0.00853996 0.0331824 0.262804
