0 0.880892 0.552713 0.140009 0.663595 0.932151
0 0.378045 0.492571 0.0974987 0.461951 0.922926
0 0.219052 0.477121 0.0966356 0.502402 0.894417
0 0.974165 0.589936 0.0508675 0.56083 0.868722
0 0.0988049 0.382456 0.0321674 0.167403 0.803672
0 0.135698 0.384228 0.028882 0.176184 0.802012
0 0.163616 0.39698 0.0348478 0.192746 0.754906
13 0.286676 0.422854 0.0508339 0.093719 0.745657
0 0.0741462 0.39022 0.0246234 0.157933 0.738791
0 0.322593 0.379596 0.0222225 0.0811384 0.677135
0 0.0322185 0.386018 0.0224325 0.156284 0.640293
