0 0.564539 0.511317 0.124826 0.541068 0.933463
0 0.0396316 0.453631 0.0790242 0.447414 0.931452
0 0.455262 0.509468 0.113121 0.556744 0.930768
0 0.196554 0.467604 0.0870061 0.406837 0.917366
0 0.902046 0.406899 0.0805145 0.394903 0.901805
13 0.269755 0.41544 0.0694671 0.0956456 0.856458
0 0.0866617 0.382068 0.0357184 0.181782 0.659924
0 0.351139 0.373897 0.0230311 0.0916746 0.651712
0 0.131481 0.389637 0.0376842 0.182966 0.612411
0 0.115691 0.372878 0.028365 0.169235 0.364573
0 0.392472 0.382748 0.0224795 0.0610752 0.254357
