0 0.839859 0.527322 0.138442 0.686966 0.937934
0 0.966515 0.550977 0.0661678 0.631752 0.916144
0 0.226639 0.412397 0.0414297 0.204656 0.856659
0 0.277184 0.412804 0.0461717 0.223392 0.847593
0 0.0731091 0.388682 0.0380441 0.181824 0.84614
0 0.0114251 0.397541 0.0228502 0.159853 0.806388
0 0.401838 0.391297 0.0357446 0.0583143 0.781931
0 0.139401 0.375496 0.0399611 0.198445 0.705561
13 0.183668 0.4205 0.0548306 0.0930443 0.701142
0 0.035185 0.393936 0.0184081 0.155049 0.695316
0 0.39478 0.36481 0.0157111 0.0669044 0.529455
56 0.301642 0.422988 0.0181187 0.0932237 0.254864
