0 0.532978 0.511266 0.122509 0.609051 0.9287
0 0.729744 0.535037 0.12946 0.560448 0.92548
0 0.0741535 0.388806 0.0376335 0.181317 0.841244
0 0.23405 0.408317 0.0401245 0.206178 0.835227
13 0.233271 0.420997 0.15515 0.100248 0.80557
0 0.20545 0.406946 0.0304809 0.203096 0.797929
0 0.014475 0.393619 0.02895 0.165546 0.795845
0 0.402862 0.390743 0.0352113 0.0614377 0.641806
0 0.126226 0.386827 0.0297404 0.174504 0.597051
0 0.257737 0.354785 0.0185977 0.0487351 0.597042
13 0.279643 0.422489 0.0623344 0.0934426 0.386938
41 0.53851 0.283083 0.023959 0.041933 0.353009
