0 0.471313 0.507507 0.119599 0.569416 0.940967
0 0.582466 0.518236 0.120283 0.547943 0.933138
0 0.0417571 0.45328 0.0834027 0.453648 0.930157
0 0.924031 0.409327 0.089344 0.37904 0.906121
0 0.206705 0.4712 0.0845242 0.408663 0.899624
13 0.272505 0.417235 0.0652607 0.0955723 0.849613
0 0.139615 0.394387 0.0367328 0.18211 0.767902
0 0.34985 0.377624 0.0215713 0.0841965 0.659684
0 0.0954766 0.381952 0.0392281 0.181019 0.624456
0 0.121996 0.37304 0.0281881 0.163871 0.486545
0 0.39799 0.385588 0.028694 0.0635501 0.322582
