0 0.501381 0.50398 0.0995259 0.513736 0.935048
0 0.333152 0.487626 0.105813 0.556835 0.902636
0 0.0880694 0.385296 0.038952 0.175042 0.821843
13 0.264486 0.42206 0.0708118 0.0943259 0.812126
0 0.216922 0.409484 0.0436508 0.204405 0.798274
0 0.02719 0.391845 0.0298836 0.165595 0.75483
0 0.185315 0.405714 0.0341603 0.189815 0.704082
0 0.124008 0.380654 0.0329032 0.174478 0.670847
0 0.405307 0.390942 0.0301845 0.0619478 0.570977
13 0.227159 0.421343 0.145222 0.0973424 0.444734
0 0.0616091 0.37868 0.0151523 0.134817 0.375715
