0 0.255455 0.413525 0.0448439 0.21639 0.876823
0 0.31749 0.417277 0.0519005 0.228717 0.874637
0 0.0822535 0.388471 0.0386671 0.186994 0.834573
0 0.0197403 0.392715 0.0394805 0.17036 0.830988
0 0.178371 0.384622 0.0365035 0.189674 0.797061
0 0.201506 0.348564 0.0164181 0.0568514 0.593201
0 0.98589 0.489647 0.0273678 0.404449 0.576227
0 0.395564 0.364226 0.0137873 0.0666087 0.562273
0 0.132365 0.39486 0.0167507 0.0785408 0.528253
0 0.408621 0.391427 0.0236395 0.0603745 0.488004
0 0.582978 0.401356 0.0109051 0.0302641 0.382437
13 0.243213 0.422682 0.112138 0.0979233 0.354086
13 0.213867 0.42265 0.0416955 0.096602 0.320535
0 0.987248 0.619864 0.024704 0.141843 0.299461
