0 0.688568 0.531039 0.144874 0.565662 0.95242
0 0.537864 0.519829 0.119096 0.591094 0.933422
0 0.0858868 0.462633 0.0958113 0.467517 0.90094
0 0.238757 0.475894 0.0875674 0.42781 0.896709
0 0.981401 0.41847 0.0364237 0.387529 0.833673
0 0.343248 0.37959 0.0224369 0.0817744 0.756475
0 0.165166 0.398911 0.0386751 0.179678 0.718056
13 0.291285 0.419612 0.0363206 0.10318 0.57244
0 0.130848 0.388367 0.030653 0.166675 0.453292
0 0.403191 0.389165 0.0281606 0.0636076 0.404279
0 0.394469 0.368716 0.0191424 0.0807604 0.309225
0 0.137702 0.379609 0.0215317 0.159455 0.252369
