0 0.441344 0.495916 0.101464 0.488822 0.929886
0 0.270086 0.480878 0.106316 0.534499 0.914665
0 0.0907635 0.384133 0.036562 0.171241 0.760633
0 0.130526 0.380537 0.0344692 0.170288 0.723604
0 0.0286176 0.39096 0.031639 0.161986 0.71154
0 0.175103 0.40159 0.033997 0.190912 0.670713
0 0.206694 0.406227 0.0360014 0.202022 0.55929
0 0.0662622 0.389486 0.0217295 0.161246 0.504082
35 0.433888 0.398133 0.02465 0.040056 0.290735
6 0.994315 0.515813 0.010593 0.208209 0.286723
35 0.313074 0.491368 0.0219572 0.040513 0.272743
0 0.314874 0.400896 0.0208374 0.143469 0.251653
