0 0.839854 0.527265 0.138469 0.687015 0.937599
0 0.966518 0.550944 0.0661613 0.631829 0.916372
0 0.226633 0.41241 0.0414346 0.204579 0.858417
0 0.0731091 0.388422 0.0380852 0.182465 0.847398
0 0.277209 0.412829 0.0462748 0.22345 0.847151
0 0.0114377 0.39736 0.0228745 0.159296 0.808904
0 0.401833 0.391282 0.0357525 0.0583281 0.782836
0 0.139428 0.375472 0.0398817 0.198423 0.707328
13 0.183661 0.420524 0.0548196 0.0931003 0.704672
0 0.0352342 0.393732 0.0184236 0.155517 0.690339
0 0.394769 0.364796 0.015738 0.0669278 0.532698
