0 0.679516 0.52713 0.10884 0.55591 0.935762
0 0.494869 0.502437 0.112061 0.607659 0.933409
0 0.235112 0.40833 0.0441235 0.21351 0.847419
0 0.0730634 0.386861 0.0374898 0.184663 0.823768
0 0.2065 0.407311 0.0290709 0.203217 0.810888
0 0.0178288 0.396263 0.0329446 0.162304 0.798366
13 0.233297 0.42131 0.154688 0.0993323 0.786288
0 0.402742 0.390684 0.0349264 0.0620207 0.662047
0 0.125591 0.383622 0.0308919 0.182716 0.65088
0 0.26129 0.354404 0.0221434 0.0499568 0.64237
13 0.280245 0.421989 0.0611914 0.0944583 0.33394
