0 0.92224 0.53603 0.154127 0.710935 0.937634
0 0.296421 0.419757 0.048002 0.227217 0.858986
0 0.241187 0.415023 0.0460469 0.210341 0.857684
0 0.0724414 0.388878 0.0356118 0.179747 0.838305
0 0.0125225 0.394538 0.0249867 0.158747 0.773684
0 0.157549 0.383815 0.0342273 0.181744 0.730668
0 0.207631 0.347876 0.0247512 0.0596993 0.729804
13 0.193773 0.422868 0.063083 0.0947086 0.721632
0 0.405315 0.39133 0.0288815 0.0591368 0.618142
0 0.395327 0.3646 0.0149003 0.0664079 0.58617
41 0.926949 0.269479 0.025351 0.0471917 0.460097
13 0.218042 0.422558 0.112522 0.094591 0.33487
