0 0.660404 0.526739 0.127961 0.565611 0.942079
0 0.0787473 0.464018 0.0948359 0.464863 0.92186
0 0.518609 0.5262 0.111713 0.574779 0.919999
0 0.239075 0.477186 0.0914375 0.423335 0.90431
0 0.974422 0.412923 0.0503922 0.401387 0.862208
0 0.34681 0.380197 0.0216625 0.0822947 0.785333
0 0.16323 0.395261 0.0398861 0.18093 0.769937
13 0.292776 0.419125 0.0340376 0.0977388 0.575176
0 0.12466 0.385408 0.0307692 0.152693 0.563079
0 0.393654 0.371837 0.0185449 0.0864768 0.354643
0 0.134717 0.378238 0.0225496 0.161602 0.2843
0 0.403596 0.390195 0.0279206 0.0586833 0.277024
