0 0.695742 0.525912 0.111566 0.559214 0.939167
0 0.507499 0.500783 0.11115 0.61274 0.932093
0 0.0722652 0.389183 0.036606 0.181734 0.831941
0 0.235409 0.407957 0.0420807 0.210848 0.830762
0 0.206129 0.408268 0.0305871 0.199559 0.828916
0 0.0162236 0.393658 0.0322717 0.16502 0.817238
0 0.125432 0.384609 0.0307175 0.18032 0.698014
13 0.232752 0.421497 0.153774 0.0996797 0.684775
0 0.261051 0.352901 0.0199808 0.0527308 0.676413
0 0.402809 0.390725 0.0351292 0.0615942 0.662298
13 0.279999 0.422449 0.0617259 0.0936281 0.58026
13 0.177365 0.421758 0.0436499 0.0939972 0.313454
