0 0.319167 0.42043 0.0505082 0.227625 0.877827
0 0.257611 0.413125 0.0475401 0.218937 0.868145
0 0.0849403 0.387883 0.039497 0.182993 0.833742
0 0.0199958 0.393897 0.0399767 0.170166 0.82227
0 0.185122 0.383447 0.044668 0.188896 0.771986
13 0.194662 0.422108 0.0792814 0.1006 0.56269
0 0.395847 0.364142 0.014308 0.0663969 0.562288
0 0.408518 0.391574 0.0237964 0.0602289 0.438013
0 0.131081 0.397467 0.0188698 0.0883932 0.38829
0 0.582864 0.401774 0.0112442 0.0296717 0.344429
0 0.0519995 0.393674 0.0333888 0.17118 0.277363
