0 0.929104 0.537985 0.141132 0.712952 0.926313
0 0.297839 0.420644 0.0481393 0.225959 0.862088
0 0.241658 0.414373 0.0473919 0.212909 0.85226
0 0.0730629 0.389357 0.0370035 0.181658 0.839226
0 0.158645 0.38458 0.0344958 0.182236 0.782495
0 0.0124925 0.393885 0.0249177 0.16011 0.778068
0 0.207462 0.348655 0.0244607 0.058031 0.737322
13 0.194521 0.421743 0.0595048 0.0913181 0.73721
0 0.406303 0.391397 0.0269685 0.0592068 0.606447
0 0.395328 0.36464 0.0150459 0.0665655 0.565307
0 0.1376 0.396576 0.0186211 0.0831424 0.388378
