0 0.948856 0.533087 0.101536 0.720021 0.92256
0 0.0753515 0.388171 0.0418691 0.187298 0.857849
0 0.244342 0.414249 0.0491863 0.213745 0.852189
0 0.305917 0.41773 0.047708 0.235325 0.835133
0 0.0117459 0.392997 0.0233865 0.164635 0.798027
0 0.161179 0.380978 0.0401915 0.184641 0.79747
13 0.199009 0.420156 0.055879 0.0885134 0.748892
0 0.20632 0.350205 0.0225533 0.0534172 0.748086
0 0.40631 0.391368 0.0269245 0.0591249 0.615029
0 0.395244 0.364602 0.0150064 0.0667409 0.53281
0 0.136077 0.394084 0.0187112 0.0747373 0.521716
0 0.0348814 0.382822 0.0186358 0.139325 0.341513
