0 0.815822 0.52494 0.138796 0.680713 0.929612
0 0.954279 0.552502 0.0906235 0.629974 0.921868
0 0.0729489 0.387577 0.0379172 0.185934 0.857709
0 0.271547 0.418167 0.0450377 0.21741 0.834865
0 0.401888 0.391132 0.0355535 0.0588116 0.76253
0 0.224164 0.411209 0.0449213 0.203791 0.749009
0 0.00810326 0.396831 0.0161852 0.161137 0.709822
0 0.135093 0.376296 0.0365475 0.197447 0.673217
0 0.0316101 0.393871 0.0261019 0.157845 0.656705
13 0.181382 0.420592 0.0517199 0.0912994 0.572591
0 0.394919 0.364724 0.01545 0.066928 0.532519
41 0.812091 0.266925 0.0257959 0.04403 0.522355
56 0.298763 0.423123 0.024153 0.0928437 0.48251
13 0.233774 0.422173 0.156386 0.0982201 0.437168
13 0.298939 0.422986 0.0240295 0.0929752 0.382983
