0 0.376231 0.489575 0.0993213 0.458983 0.928179
0 0.879465 0.553837 0.142036 0.662613 0.917399
0 0.218371 0.476842 0.0954663 0.503633 0.902565
0 0.970605 0.562422 0.0579453 0.615815 0.885935
0 0.0994597 0.383294 0.0327163 0.168301 0.820188
0 0.135528 0.384993 0.0286164 0.175936 0.809497
0 0.161595 0.39647 0.0332935 0.18996 0.776361
0 0.07396 0.390717 0.0242478 0.157037 0.767814
13 0.283649 0.422366 0.0548486 0.094378 0.743852
0 0.322003 0.380201 0.0208101 0.0834693 0.655788
0 0.0320695 0.386887 0.0226412 0.15487 0.655295
