0 0.838396 0.543534 0.125347 0.586537 0.922095
0 0.655728 0.519645 0.132612 0.637381 0.908889
0 0.207731 0.408596 0.0377691 0.202915 0.860428
0 0.244615 0.410473 0.042439 0.212685 0.850734
0 0.0732702 0.389899 0.0368039 0.177134 0.827665
13 0.230416 0.421302 0.160585 0.101253 0.820048
0 0.121285 0.386649 0.0401129 0.178664 0.760208
0 0.00994422 0.394658 0.0198587 0.164772 0.753941
0 0.401357 0.390941 0.038139 0.0620337 0.697864
0 0.0327598 0.394683 0.0209312 0.154158 0.645222
41 0.659107 0.283923 0.0255438 0.0411606 0.637577
