0 0.704339 0.529684 0.142968 0.576796 0.94414
0 0.545499 0.524309 0.120839 0.587236 0.93939
0 0.0910461 0.465695 0.0892944 0.464118 0.907876
0 0.240983 0.479507 0.0844229 0.426156 0.903678
0 0.341936 0.377717 0.0237408 0.0824912 0.744021
0 0.169255 0.399267 0.0340876 0.178899 0.739042
0 0.990153 0.413715 0.018914 0.24336 0.610626
0 0.135132 0.39319 0.0268726 0.172726 0.574681
13 0.291921 0.419963 0.0351155 0.100985 0.516024
0 0.394778 0.368301 0.0187967 0.0776062 0.308208
0 0.403305 0.390885 0.0304955 0.0622548 0.28851
