0 0.950449 0.5534 0.0984627 0.625915 0.934178
0 0.808119 0.527219 0.137128 0.678158 0.932843
0 0.0727927 0.387699 0.0377261 0.185467 0.854503
0 0.271021 0.418085 0.0438408 0.216545 0.816143
0 0.223367 0.410995 0.0437284 0.203854 0.811329
0 0.401984 0.391068 0.0353525 0.0590666 0.748554
0 0.00733995 0.395734 0.0146799 0.156892 0.690781
0 0.134329 0.375192 0.0359929 0.198972 0.659953
56 0.29844 0.423173 0.0248258 0.0925754 0.631715
0 0.031445 0.39369 0.0263967 0.157698 0.559127
13 0.18121 0.420841 0.050669 0.0917415 0.528166
0 0.394719 0.365104 0.0158087 0.0675957 0.475581
13 0.233771 0.422399 0.155731 0.0973935 0.400179
41 0.807334 0.269969 0.0257441 0.0456972 0.35754
