0 0.563857 0.511897 0.111224 0.52688 0.932099
0 0.391458 0.498092 0.107591 0.56711 0.930103
0 0.222286 0.405582 0.0406433 0.205178 0.813778
13 0.233646 0.422011 0.154995 0.0995548 0.79886
0 0.085418 0.386133 0.0336087 0.176273 0.778853
0 0.121463 0.381587 0.0347019 0.179061 0.76517
0 0.277104 0.3524 0.0252151 0.0533886 0.717278
0 0.0289323 0.393259 0.0284712 0.158951 0.716556
0 0.195596 0.402454 0.0316015 0.196069 0.628696
13 0.274855 0.423002 0.0721463 0.0946047 0.353928
32 0.558967 0.225802 0.00977345 0.0257964 0.277865
