0 0.739255 0.51876 0.126289 0.670066 0.935306
0 0.904179 0.544432 0.121432 0.614861 0.924687
0 0.215663 0.409326 0.0425991 0.204698 0.850093
0 0.0695935 0.391087 0.0307891 0.183765 0.818334
0 0.260288 0.41585 0.0396854 0.212767 0.793635
0 0.0123648 0.398022 0.0247294 0.161882 0.784662
0 0.034629 0.394327 0.0190973 0.159816 0.699642
0 0.405155 0.391225 0.0293838 0.059294 0.688042
13 0.292474 0.422724 0.0369251 0.0929006 0.633453
0 0.134494 0.380501 0.0382937 0.188843 0.625576
0 0.394915 0.365602 0.0155591 0.0697379 0.519734
13 0.232642 0.421361 0.1568 0.0939032 0.429537
13 0.179218 0.421125 0.0468653 0.0924767 0.326904
0 0.584443 0.400931 0.00871086 0.0335031 0.286628
