0 0.901051 0.548651 0.126348 0.671135 0.926647
0 0.385404 0.493566 0.102804 0.466518 0.914504
0 0.221941 0.478826 0.101344 0.507844 0.877098
0 0.135582 0.385681 0.0295383 0.1793 0.802219
0 0.0973871 0.381437 0.033121 0.169792 0.800822
0 0.163551 0.397233 0.0339432 0.194049 0.747927
13 0.290275 0.422633 0.0411139 0.0942541 0.743379
0 0.0322999 0.386323 0.0218041 0.154844 0.718174
0 0.0736351 0.38819 0.0239801 0.16018 0.713165
0 0.321976 0.376458 0.0240477 0.0813321 0.64945
0 0.98313 0.591897 0.0329067 0.551326 0.647198
0 0.983325 0.433438 0.0325859 0.231182 0.380811
