0 0.43647 0.495769 0.0975107 0.482097 0.927385
0 0.262889 0.482864 0.0992072 0.521684 0.916764
0 0.0917303 0.384931 0.0322515 0.169368 0.784438
0 0.979557 0.608643 0.0400997 0.558809 0.777173
0 0.174483 0.403515 0.0341286 0.189587 0.758581
0 0.12977 0.382112 0.0318681 0.164507 0.749181
0 0.0286516 0.391303 0.0297331 0.161264 0.72064
0 0.0675366 0.390146 0.0218616 0.155828 0.625293
0 0.206647 0.406858 0.0303195 0.194857 0.464484
0 0.313127 0.379177 0.0204433 0.0908778 0.331113
35 0.429144 0.406021 0.0248537 0.03589 0.304365
