0 0.876554 0.526749 0.135775 0.706681 0.931757
0 0.28833 0.414743 0.0445766 0.219318 0.870385
0 0.237879 0.413862 0.0458198 0.210861 0.860435
0 0.0713972 0.386738 0.0340047 0.182878 0.831143
0 0.0136302 0.392744 0.0272377 0.162983 0.803614
13 0.190995 0.421163 0.0624137 0.0926518 0.799473
0 0.401982 0.391522 0.0357055 0.0580858 0.746285
0 0.209997 0.350416 0.0188655 0.0535177 0.706913
0 0.990047 0.500416 0.0190857 0.357034 0.645586
0 0.395208 0.364893 0.0149963 0.0668554 0.597549
0 0.151036 0.372012 0.0336863 0.204851 0.542691
41 0.879188 0.256724 0.0282593 0.0477002 0.508922
0 0.0353282 0.392817 0.0186007 0.160732 0.491915
