0 0.647637 0.528554 0.133997 0.617152 0.946667
0 0.796828 0.539615 0.161411 0.598878 0.943806
0 0.139227 0.467568 0.102458 0.47904 0.918485
0 0.257529 0.479576 0.085302 0.444529 0.914928
0 0.333682 0.378861 0.0239601 0.0791346 0.778114
0 0.404014 0.389346 0.0313368 0.0612703 0.722085
0 0.0706978 0.386994 0.0286733 0.152533 0.706056
0 0.188229 0.392659 0.0264486 0.165469 0.60593
0 0.0924075 0.381542 0.0211384 0.164569 0.482355
56 0.298102 0.423831 0.0228955 0.093747 0.458816
13 0.298206 0.423471 0.0230072 0.0937507 0.370893
13 0.212576 0.423151 0.0326283 0.097712 0.308475
56 0.212618 0.423223 0.032864 0.097573 0.296887
0 0.513102 0.399459 0.0132576 0.0403625 0.262964
