0 0.816435 0.535261 0.115381 0.585514 0.933689
0 0.628451 0.511059 0.115127 0.63695 0.927236
0 0.20458 0.408172 0.0412431 0.203169 0.882395
13 0.23056 0.421463 0.160455 0.101641 0.849094
0 0.244724 0.414054 0.0431826 0.209468 0.843355
0 0.0721144 0.390682 0.0364374 0.179465 0.842373
0 0.0118333 0.395677 0.0236372 0.164657 0.769057
0 0.12089 0.384485 0.0375252 0.179179 0.739859
0 0.401206 0.390849 0.038022 0.0622503 0.682295
0 0.0339814 0.395312 0.0203086 0.155767 0.481447
41 0.627236 0.271501 0.0225487 0.039597 0.30897
