0 0.513701 0.501209 0.117634 0.612457 0.938337
0 0.707737 0.526682 0.125392 0.559836 0.930173
0 0.0725708 0.389664 0.0368562 0.180601 0.834535
0 0.235017 0.4088 0.0419482 0.209378 0.82733
0 0.206227 0.410295 0.0309449 0.202384 0.822638
0 0.0154988 0.393334 0.0309834 0.166565 0.804964
13 0.232898 0.421238 0.154062 0.100217 0.731835
0 0.125201 0.385312 0.0304689 0.178958 0.679737
0 0.260528 0.35355 0.0199288 0.0526596 0.640562
0 0.402866 0.39072 0.0354555 0.0616013 0.639108
13 0.280032 0.422325 0.061673 0.0940896 0.589262
41 0.509524 0.271782 0.0240859 0.0415899 0.287247
13 0.177453 0.421429 0.0439055 0.0941355 0.257062
