0 0.682254 0.526557 0.108006 0.559205 0.934455
0 0.497936 0.501008 0.111919 0.609892 0.927442
0 0.235249 0.407744 0.0426851 0.213315 0.843942
0 0.0727795 0.386717 0.0375377 0.183046 0.822755
0 0.206012 0.408013 0.029494 0.202836 0.815969
0 0.0174523 0.395585 0.0332518 0.163361 0.8104
13 0.233236 0.421282 0.154693 0.0996021 0.754885
0 0.261108 0.353555 0.0206959 0.051643 0.681848
0 0.402732 0.390728 0.0349331 0.0617369 0.681076
0 0.125761 0.383682 0.0309999 0.182017 0.672566
13 0.280497 0.422389 0.0606471 0.0936532 0.380578
