0 0.318156 0.420248 0.0512873 0.230245 0.880995
0 0.256557 0.41351 0.0467858 0.217269 0.873766
0 0.0836888 0.387839 0.0388573 0.183774 0.842187
0 0.0193107 0.392661 0.0386213 0.171481 0.83263
0 0.181184 0.383087 0.041187 0.188057 0.658453
0 0.395573 0.364216 0.0137771 0.0665649 0.56626
0 0.408648 0.391353 0.0235837 0.0602732 0.486687
0 0.131572 0.397109 0.0172749 0.0852363 0.478345
0 0.582813 0.401842 0.011235 0.0298809 0.376489
0 0.201496 0.349968 0.0142965 0.0552253 0.356588
0 0.991739 0.496183 0.0157104 0.38427 0.308592
0 0.0513929 0.394394 0.0330164 0.173708 0.282595
13 0.214361 0.422121 0.0401461 0.098386 0.280142
13 0.195908 0.422214 0.0764733 0.100243 0.270309
13 0.229012 0.421177 0.146874 0.0995623 0.254663
