0 0.750177 0.531417 0.107497 0.567843 0.935462
0 0.55975 0.508566 0.122192 0.616709 0.929894
0 0.235358 0.407236 0.0419716 0.21066 0.828778
0 0.0759882 0.387751 0.0386207 0.182036 0.827871
13 0.233238 0.420554 0.154777 0.100685 0.825173
0 0.205193 0.407535 0.0298829 0.199147 0.79831
0 0.0151287 0.39552 0.0302575 0.16224 0.791271
0 0.126633 0.386558 0.0292091 0.175706 0.694629
0 0.402904 0.390765 0.0352585 0.0616414 0.646828
41 0.557014 0.277012 0.0237104 0.0403768 0.457511
0 0.256751 0.353009 0.0168777 0.0533569 0.443585
