0 0.566782 0.514018 0.111073 0.525622 0.938426
0 0.396059 0.500505 0.109268 0.567541 0.930264
0 0.222576 0.407171 0.0421077 0.204894 0.801881
0 0.0844299 0.385859 0.0342095 0.173947 0.775503
13 0.233633 0.42192 0.154899 0.0996069 0.767247
0 0.197103 0.402707 0.0312838 0.195254 0.752311
0 0.275849 0.353355 0.0266617 0.0524855 0.74638
0 0.12106 0.381119 0.0339679 0.178281 0.73509
0 0.0282404 0.394423 0.0294302 0.158114 0.715897
41 0.389477 0.281531 0.022797 0.0386607 0.397199
13 0.274446 0.423195 0.0728785 0.0942257 0.384556
0 0.0615749 0.378366 0.0138415 0.130465 0.313112
32 0.558881 0.225503 0.00964794 0.0252909 0.259982
