0 0.900542 0.550675 0.129415 0.599728 0.945745
0 0.73122 0.523278 0.131427 0.657303 0.938135
0 0.211448 0.41141 0.0431077 0.201404 0.860529
0 0.255564 0.41102 0.0463013 0.218595 0.8361
0 0.071166 0.390022 0.0340174 0.179446 0.828382
0 0.0113403 0.395066 0.0226624 0.167243 0.803929
0 0.40676 0.391053 0.0264158 0.0607074 0.711367
0 0.0340064 0.39616 0.0201423 0.159112 0.709567
0 0.133333 0.382124 0.0330603 0.185679 0.687611
13 0.292294 0.422699 0.0375494 0.0925975 0.546623
0 0.395256 0.367676 0.0154809 0.074157 0.513717
13 0.172945 0.41902 0.0497213 0.0985068 0.434077
13 0.230201 0.41992 0.162128 0.0979324 0.369622
13 0.276113 0.422645 0.070162 0.093545 0.324599
41 0.721636 0.277251 0.0268517 0.0419924 0.278502
0 0.58443 0.400952 0.00867024 0.0333518 0.266454
