0 0.659573 0.516676 0.126534 0.643725 0.914411
0 0.842005 0.545595 0.120677 0.588331 0.912118
0 0.207758 0.408955 0.0375015 0.202776 0.86348
0 0.244695 0.410932 0.0431501 0.213425 0.855051
13 0.230442 0.421448 0.160526 0.101131 0.829014
0 0.0733 0.390149 0.0372075 0.179557 0.828955
0 0.121835 0.387199 0.0405913 0.178014 0.770463
0 0.00955796 0.39442 0.0190938 0.164044 0.741657
0 0.401372 0.390906 0.0381145 0.0620613 0.693942
0 0.0331958 0.393328 0.0207088 0.154074 0.652292
41 0.662979 0.282477 0.024308 0.0396734 0.556737
