0 0.821721 0.524127 0.140757 0.683514 0.938689
0 0.957398 0.551423 0.0844402 0.631069 0.925369
0 0.0730243 0.387535 0.0381226 0.185966 0.858128
0 0.224457 0.410601 0.0431798 0.2031 0.815343
0 0.271669 0.416443 0.044722 0.217879 0.812547
0 0.40186 0.391213 0.0356304 0.0586137 0.771226
0 0.00847711 0.3972 0.0169341 0.160657 0.692109
0 0.0315109 0.394153 0.0263387 0.15752 0.681774
0 0.137758 0.376641 0.0408139 0.196606 0.670851
13 0.181804 0.420558 0.0528572 0.091974 0.613166
0 0.394829 0.364828 0.0156238 0.0670382 0.539356
13 0.233394 0.421855 0.155992 0.0957048 0.479821
56 0.299081 0.423386 0.0235705 0.0932241 0.467659
