0 0.826759 0.52339 0.141226 0.684989 0.939207
0 0.961315 0.550143 0.0765606 0.632832 0.918943
0 0.073121 0.386995 0.038145 0.184567 0.855887
0 0.274642 0.414286 0.0452594 0.219832 0.832231
0 0.224215 0.411455 0.0421633 0.204592 0.829488
0 0.401845 0.391221 0.0356614 0.0584722 0.767854
0 0.0102757 0.397606 0.0205414 0.158559 0.729528
0 0.138357 0.376102 0.0408846 0.20072 0.682968
0 0.0333621 0.393094 0.0227851 0.157243 0.676754
13 0.18236 0.420229 0.0541581 0.0923443 0.651138
0 0.394761 0.364931 0.0157453 0.0671038 0.520546
56 0.299589 0.423963 0.0220551 0.0941913 0.40612
13 0.233769 0.421911 0.157049 0.095805 0.345775
