0 0.87799 0.542463 0.12476 0.599234 0.941269
0 0.702185 0.516376 0.127072 0.649392 0.940929
0 0.252675 0.415164 0.0458918 0.212935 0.877734
0 0.208832 0.410568 0.0424776 0.202243 0.869532
0 0.0733388 0.390371 0.0377035 0.178371 0.835046
0 0.0115081 0.396799 0.0229783 0.158159 0.757875
13 0.231302 0.421585 0.159402 0.0969359 0.695611
0 0.0339064 0.39702 0.0205674 0.154941 0.675333
0 0.130429 0.383066 0.0318185 0.183339 0.631225
0 0.405457 0.390613 0.0290416 0.0613988 0.572326
13 0.290714 0.422554 0.0407308 0.0934231 0.496061
0 0.584816 0.400805 0.00817804 0.03368 0.264378
