0 0.653052 0.525627 0.118875 0.56525 0.944763
0 0.517551 0.526476 0.110674 0.573491 0.919907
0 0.0768507 0.464636 0.0941464 0.46087 0.913
0 0.23901 0.477391 0.0908603 0.422006 0.902071
0 0.973913 0.411212 0.0513218 0.402112 0.864466
0 0.163175 0.396065 0.0399013 0.184269 0.781981
0 0.347078 0.379495 0.0218143 0.0822983 0.77193
0 0.123191 0.393674 0.0325711 0.171886 0.548349
13 0.293273 0.419165 0.0326585 0.0972607 0.547822
0 0.393647 0.371775 0.0184195 0.0862283 0.340407
0 0.403562 0.390124 0.0279762 0.0589971 0.276243
