0 0.931645 0.535308 0.135988 0.716659 0.905823
0 0.0734581 0.389001 0.0380839 0.18186 0.848838
0 0.299859 0.419642 0.0454623 0.221917 0.84258
0 0.242225 0.413883 0.0474002 0.212795 0.836876
0 0.15912 0.383906 0.0355646 0.181221 0.795509
13 0.195277 0.422292 0.0596335 0.0921609 0.770599
0 0.0120557 0.392324 0.0240356 0.159329 0.766159
0 0.207271 0.348836 0.0240922 0.0574905 0.727122
0 0.405608 0.391352 0.0283737 0.0592183 0.609592
0 0.395313 0.364588 0.0149542 0.0664922 0.562423
0 0.137613 0.397247 0.0176774 0.0836377 0.365345
0 0.0357496 0.384384 0.0173178 0.138475 0.31564
