0 0.694241 0.532036 0.111856 0.629712 0.930538
0 0.817901 0.538112 0.121698 0.614748 0.924862
0 0.165572 0.468947 0.0971039 0.486854 0.918867
0 0.285229 0.482393 0.0803581 0.447398 0.901472
0 0.333693 0.379057 0.0235296 0.0804764 0.733861
0 0.105495 0.378432 0.0248431 0.170111 0.723473
13 0.231407 0.423571 0.0499105 0.098214 0.717138
0 0.404116 0.389278 0.0307847 0.0609261 0.691849
0 0.0886665 0.386191 0.0214913 0.155921 0.657239
0 0.0672679 0.386318 0.024615 0.149768 0.422822
35 0.294524 0.384419 0.0378744 0.0313549 0.366025
